138 72 132 144 151 153 163 168
133 10 135 144
7350 21 155
7378 38 155
5524 389 155
5531 243 155
7514 3 155
7570 3 155
7569 4 155
5802 385 155
25 90 127 152 154 182 192
9 81 130 135 144 151 168
5 23 127 130 147 153 163 167 168 175
3 23 108 152 178 182
4 29 130 140 147 151 152
8 182 127 130 132 135 140 144 150 151 152 153 154 163 167 168 175 178 182 183 192
6 302 127 130 132 135 140 147 151 153 154 163 167 168 171 175 178 182 183
7 24 105
10 86 105 130 132 135 147 153 154 163 168 175 183
11 743 105 127 130 132 147 151 153 154 163 168 171 178 183 192
13 11 178
15 50 105 152
14 114 127 130 140 150 152 178 182 183 192
21 76 105 135 140 144 150 168 183
17 45 108 127 135 183
18 12 144 192
19 39 127 130 132 151 154 163 168 182 183
20 187 105 132 135 140 151 153 167 168 182 183
23 74 127 135 144 151 163 168 175 183
24 309 130 132 150
33 24 127 140 144 147 167 178 183
28 133 127 130 132 135 144 147 150 151 152 154 163 178 182 192
35 65 132 135 151 152 153 183
37 20 168
36 227 152
38 14 152 182
43 4 182
39 41 127 135 147 152 163 168 182
26 95 127 130 132 135 140 144 147 151 152 154 163 167 168 182 183
41 30 140 151 183
46 59 132 150 152 182
42 89 105 178
44 44 147 154
51 24 175
47 146 127 135 140 151 152 154 163 168 178 182
48 21 168
50 14 154
56 24 105 152 175 192
29 150 105 127 130 140 147 150 151 152 154 183
58 38 127 132 144 154 163 167 183
55 64 135 144 152
59 94 152 167 168
27 102 132 135 140 144 152 153 167 175 182 183
72 164 144 152 178 182
66 44 152 183
73 13 152
75 31 152 154 192
79 53 153 167 192
78 41 144
77 25 108 130 175
80 59 144 150 151 168
81 18 105 175 192
67 17 132 153 178 192
89 29 151 153 168
86 122 150
71 109 144 151 168
87 195 150 151 154 183 192
90 72 171
92 5 105 168
94 80 127 130 132 147 150 151 152 175 183
95 2 108
115 3 108
103 68 144 167 182 192
104 30 150 152 178
102 5 108
68 275 127 130
130 13 152 182
111 29 192
110 95 108 175
122 213 152
113 89 132 140 152
124 3 108
126 25 130
127 132 130 144 152 178
134 2 144
129 4 130
128 80 127 130
132 29 144 152
135 7 144
136 99 132 144 150 178
140 30 135 144
142 25 144 147 182
139 37 144 192
143 94 132 135 144 171 182 183
145 18 147
151 74 171 182
154 61 151 153 168 171 178
152 21 182 192
155 28 105
156 4 163 168
157 44 140 182
158 7 152 153
161 32 153 154
162 4 168
173 334 175
165 3 152 167
74 69 154 178
176 39 154
177 19 135 183
178 63 182 183
180 54 132 135 182 183
179 17 135 183
181 3 183
166 93 152 171
182 79 183
187 37 135
197 11 152
4813 46 155
4926 7 155
556 121 150
561 4 152
570 4 152
564 15 150
574 5 151
575 3 152
579 4 152
580 30 182
586 13 151
592 12 150 175
597 2 151
615 35 150
620 14 175
633 55 171
649 40 150
648 2 150
663 158 171
686 83 171
705 28 171
708 51 171
766 773 155
769 146 171
789 317 171
795 60 171
810 34 171
805 90 171
2778 22 155
3586 156 155
