2114 39 2968 2993 2999
7350 21 2940
2117 23 2966
7362 8 2940
2118 113 2900 2909 2958 2966 2968 2977 2999
2120 122 2900 2902 2926 2974 2979 2996
2130 8 2955
2133 129 2922 2926 2955 2963 2968 2972 2979 2993 2999
7389 2 2940
2135 146 2900 2909 2912 2963
7383 2 2940
7321 3 2940
7390 24 2940
7391 52 2940
2145 145 2912 2922 2981
5524 389 2925 2940
2160 26 2900
2168 3 2977
2169 32 2902
5531 243 2914 2925 2940
2174 65 2928 2946 2955
5543 137 2925 2940
2177 3 2991 2993
2186 61 2922 2963 2968 2977 2979 2999
2193 12 2991
2209 31 2900
5582 105 2925
5591 27 2914
2225 34 2951
2234 14 2900
2231 66 2918 2977 2979
2230 49 2926 2996
2240 108 2951
2229 143 2900 2912 2951
2236 75 2900 2912 2951 2966 2968
2237 241 2909 2932 2955 2968 2973 2996 2999
2256 247 2900 2902 2918 2922 2926 2928 2955 2958 2963 2974 2979 2993 2999
2251 25 2968 2972 2977 2999
2255 31 2963 2999
2258 95 2981
2278 4 2917
2274 48 2946
2287 4 2968
2290 120 2900 2923 2973 2974
2294 9 2990
2297 164 2958
2298 48 2900 2926 2932 2993
2299 67 2909 2972 2999
5696 50 2914
2323 111 2900 2923 2958
2326 252 2900 2918 2923 2932 2958 2973 2981
2328 215 2932 2958 2973 2981
2332 36 2912
2364 14 2923
2365 77 2951
2371 124 2900 2902 2918 2922 2926 2955 2963 2968 2972 2973 2977 2979 2993 2996 2999
2369 189 2909
2384 72 2909
2379 45 2900 2923 2932 2958 2981
2387 66 2909
5796 191 2925 2940
5787 32 2925
5799 23 2914
5802 385 2914 2940
5807 27 2940
5814 144 2940
2411 141 2900 2955 2958 2974
2417 7 2991
2416 37 2902 2926 2946 2966 2968 2993
5822 98 2940
6 302 2909
11 743 2900 2923 2932 2958 2981
20 187 2900
24 309 2922 2926 2955 2963 2999
47 146 2900 2955
53 39 2900
59 94 2922 2946 2955 2963 2966 2972 2977 2979
27 102 2917
83 8 2963
89 29 2991
86 122 2923
71 109 2946 2972
87 195 2900 2925
103 68 2922
68 275 2900 2912 2951 2973
122 213 2900 2932 2955 2958 2963 2966 2968 2979 2981
127 132 2928 2946 2963 2977 2999
128 80 2900 2912 2966
147 58 2955
157 44 2979
172 123 2951 2958 2966 2973
4818 28 2917
4824 101 2925
4829 78 2909
4879 28 2940
4894 79 2925
4899 169 2909 2940
4948 214 2909
4967 361 2909 2925
4981 53 2909
5002 115 2940
5022 172 2914
5020 139 2902
5053 52 2940
5068 10 2940
5079 271 2902 2909
587 18 2918 2922 2926 2928
634 150 2955
644 27 2922 2928
650 98 2951 2955 2972 2977
665 7 2958
667 19 2958
695 118 2923
704 81 2912
708 51 2900 2993
710 105 2900 2923
722 264 2900 2902 2917 2918 2926 2940 2946 2951 2968 2972 2991 2993 2996
737 232 2940
749 66 2951
742 93 2940
763 68 2966 2977
766 773 2900 2909 2912 2917 2922 2923 2925 2932 2940 2951 2955 2958 2963 2968 2972 2973 2981 2993 2999
769 146 2963
788 113 2914
784 224 2900 2951 2958 2963 2973
789 317 2909
795 60 2981
813 272 2925 2932 2955 2958 2963 2968 2973 2981 2999
826 249 2900 2912 2922 2946 2955 2966 2968 2972 2977 2979 2999
825 165 2917 2940 2958
841 61 2918 2926 2968 2993 2999
2740 28 2922 2973
3375 43 2923 2958
2744 39 2918
2746 25 2923 2958
3373 12 2981
2747 79 2900 2923 2973 2974
3381 180 2940
3394 156 2900 2923 2932 2958 2974
2768 40 2902 2918 2922 2926 2928 2946 2963 2968 2972 2979 2990 2999
2780 3 2972
2778 22 2946 2972
3404 89 2909 2973
2791 15 2955 2963
2790 173 2900 2912 2918 2951 2973
2792 18 2922
3417 30 2909 2932
2796 8 2946 2955
2815 11 2996
2654 104 2900 2902 2958 2996
3451 98 2932 2958 2981
2822 43 2900 2902 2923 2968 2991
3439 88 2932
3449 314 2909 2917 2925
3453 319 2909
2831 39 2912 2972
2799 8 2923
3458 69 2923 2958
3454 148 2917 2932 2958 2981
2832 50 2932 2979
3457 166 2900 2923
2838 21 2923 2958 2999
2840 14 2922 2972 2993
3461 101 2917
2844 2 2902
3459 92 2925
2845 3 2955
3470 21 2973
2851 44 2955
3479 102 2932 2958 2981
3480 18 2973
3482 24 2973 2974
2858 3 2963
2859 139 2900 2958 2981
2862 4 2926
2863 5 2902
2872 87 2918 2979 2981
2871 282 2900 2902 2912 2932 2951 2955 2958 2963 2966 2972 2977 2979 2981 2993 2996 2999
3498 114 2909
2883 28 2968
2885 5 2972 2977
3512 9 2981
3522 71 2958
3523 28 2973
3525 16 2923
3521 29 2940
3532 5 2974
2900 29 2922
2904 18 2999
2913 11 2918 2922
2906 6 2910
3541 81 2900 2923 2958
2907 6 2910
2908 12 2910
2909 57 2910
3508 11 2900
2912 33 2900
2918 3 2922
2925 19 2926 2946 2955 2956 2972 2977 2979
2923 35 2972 2979 2990
3554 6 2958
2924 2 2928
3555 14 2973
2932 62 2955 2958
3560 16 2923
2933 6 2946
3562 40 2958 2973
2936 8 2946 2999
3567 18 2981
2914 4 2963
2940 123 2912 2932 2958 2973 2974 2977
3568 147 2900 2932 2958 2981
2947 10 2968
3569 42 2900
2948 26 2900
2953 10 2955
2950 13 2963 2966 2972 2977 2993 2999
3528 13 2923 2973
3586 156 2940
2964 70 2932 2951 2958 2966 2981
3589 5 2923
2965 2 2966 2993
2972 357 2909 2914 2932 2958 2973 2981
2967 238 2900 2912 2918 2932 2958 2966 2968 2981
2968 55 2966
2974 15 2977 2981
2969 3 2972
3603 12 2917
2978 6 2977
3611 22 2923 2973
3614 205 2909 2923 2958
3615 144 2932 2981
2991 7 2958 2993
2994 3 2993
3624 64 2900 2909 2973 2981
2995 10 2993
3604 2 2923
3633 48 2923
3630 32 2923 2958
3006 31 2968 2991 2999
3010 123 2973 2974 2999
3635 63 2932 2958
