2116 20 2114 2117
2117 23 2119 2182
2118 113 2114 2119 2128
2120 122 2117 2121 2128 2145 2165 2195
2125 3 2145
2129 44 2144
2133 129 2102 2117 2120 2174 2193
2135 146 2117 2120 2145 2174
2142 2 2151
2139 3 2151
2134 14 2144
2141 2 2151
2144 23 2151
2145 145 2120 2144 2151
2149 2 2151
2156 41 2157 2165 2182 2195
5524 389 2160
2152 4 2165 2181
2159 18 2128 2145
2168 3 2174
2169 32 2117 2120 2174
5531 243 2160
2172 29 2163
2174 65 2102 2120 2160
2184 3 2185
2186 61 2174
2192 5 2195
2193 12 2195
2194 3 2145 2195
2209 31 2120
5582 105 2160
2226 28 2128
2227 4 2128
2224 3 2102 2128
2225 34 2117 2128 2135 2145
2234 14 2116
2231 66 2117 2182
2230 49 2117 2120 2135 2182
2240 108 2102 2117 2120 2160 2174
2229 143 2116 2117 2129 2135
5612 66 2160
2233 36 2117 2193
2236 75 2116 2135 2145
2237 241 2114 2134 2144 2145 2182
2241 14 2117
2249 38 2145
2256 247 2102 2117 2120 2134 2145 2174
2257 49 2120 2135 2144 2145
2255 31 2193
2258 95 2145
2274 48 2117 2135 2145 2182
5655 139 2160
2281 2 2193
2285 17 2135
2290 120 2114 2144
2297 164 2117 2134 2144 2145 2174 2193
2298 48 2129
2299 67 2120
5697 230 2160
2323 111 2114 2174 2193
2322 19 2182
2326 252 2114 2129 2134 2144 2145
2328 215 2117 2120 2134 2160 2174 2193
2332 36 2116
2272 31 2117 2120 2193
2363 4 2193
2365 77 2174
2371 124 2117 2174
2369 189 2160
2372 7 2182
2375 49 2120
2381 71 2117
2379 45 2114 2134
2390 2 2193
2387 66 2193
5796 191 2160
2398 62 2144
5814 144 2160
2411 141 2114 2120 2129 2144
5816 84 2160
5817 75 2160
2416 37 2120
5822 98 2160
11 743 2101 2109 2114 2117 2119 2128 2134 2137 2144 2145 2151 2157 2168 2178 2181 2182 2193
15 50 2144
14 114 2117 2134 2193
21 76 2117 2181
20 187 2134 2165
24 309 2117 2119 2137 2144 2193
33 24 2119 2165
36 227 2109 2117 2120 2135 2145
42 89 2128 2157 2181
44 44 2157
47 146 2185 2193
56 24 2151
53 39 2114
59 94 2174
62 17 2185 2193
66 44 2117 2193
89 29 2144 2145
86 122 2128 2157 2160
71 109 2106 2114
90 72 2193
94 80 2128
68 275 2102 2134 2160 2174
109 190 2106 2160
110 95 2193
122 213 2102 2120 2135 2145
113 89 2157
127 132 2145
128 80 2137
136 99 2151
143 94 2135
154 61 2151
172 123 2135
161 32 2151
173 334 2106 2109 2119 2128 2137 2145 2151 2157 2165 2168 2181 2193
74 69 2119 2181
178 63 2145
180 54 2114
204 12 2151
4923 3 2160
4967 361 2160
5022 172 2160
545 24 2135
546 142 2128 2144 2145 2160
553 22 2117
582 34 2144
583 26 2102
595 2 2193
600 214 2106 2117
650 98 2117 2128
663 158 2102 2135 2174
667 19 2135
689 47 2128 2157 2163
695 118 2145 2151
691 24 2117
704 81 2102 2106 2117 2119 2181
706 95 2157 2165
708 51 2120 2193
710 105 2117 2120 2174
722 264 2101 2102 2117 2120 2145 2157
697 100 2116
761 8 2151
764 34 2117 2120 2174 2195
766 773 2102 2114 2116 2117 2120 2134 2135 2144 2145 2174 2193
769 146 2128 2193
781 8 2151
784 224 2106 2120 2135 2144 2145 2174
789 317 2102 2106 2193
795 60 2117 2157
805 90 2106
813 272 2128 2134 2144 2174 2193
820 16 2120
826 249 2101 2106 2116 2120 2128 2157 2174 2182
830 3 2157
825 165 2102 2145
841 61 2102
2740 28 2102 2120
2746 25 2102
2747 79 2145
3378 41 2160
2757 5 2102
3394 156 2129 2144
2765 29 2144
2760 23 2145
2768 40 2120 2174
2774 46 2114
2775 35 2120 2174
3404 89 2114
2788 4 2102
2790 173 2114 2116 2120 2135 2144 2160 2174
2792 18 2120 2174
3417 30 2134
2815 11 2102
2654 104 2116 2144
3451 98 2129 2144
2822 43 2114 2174
3439 88 2144
3449 314 2144 2145
3450 27 2144
3453 319 2144 2145
3455 68 2144 2145
3458 69 2114
2830 6 2120
3454 148 2129 2134 2144
3457 166 2114 2129 2144 2160
3456 241 2144 2145
2840 14 2174
3461 101 2144
3462 54 2144
3479 102 2134
3483 20 2144
2859 139 2144 2145
3496 10 2144
2872 87 2114 2135
2871 282 2116 2134 2135 2145
3522 71 2134
3519 48 2134 2145
3525 16 2114
2898 2 2174
2900 29 2134 2174
3527 64 2114
2901 4 2174
3541 81 2114 2145
2909 57 2135
2912 33 2135
3556 14 2114
2932 62 2145
2940 123 2114 2135
3568 147 2134
3569 42 2114
2951 19 2145
2958 47 2134
3586 156 2160
2964 70 2134
2972 357 2134 2144 2145
2967 238 2114 2129 2134 2144 2145
2968 55 2135
3607 24 2145
3614 205 2145
3615 144 2144 2145
3000 43 2114 2144
3633 48 2114
3009 51 2145
3631 91 2145
3010 123 2135 2160
3635 63 2129
