2114 39 3117 3140
2118 113 3125
2120 122 3104 3126 3193
2129 44 3144
2135 146 3117 3126
2134 14 3125 3192
2145 145 3125 3130 3140
2160 26 3140 3145 3150 3164
2174 65 3155
2176 17 3164
2186 61 3148 3192
2214 3 3136
2209 31 3148
2217 11 3125
2223 15 3125
2234 14 3145 3150
2231 66 3104 3171
2230 49 3104 3130
2240 108 3130
2229 143 3126 3140 3144 3145 3148 3150 3155 3164 3173 3192
2236 75 3117 3126 3140 3145 3150 3164
2237 241 3114 3117 3125 3140 3144 3148 3150 3164 3192
2246 8 3130
2256 247 3117
5624 28 3191
2257 49 3117
2274 48 3130 3155 3193
2289 14 3117
2290 120 3114 3117 3148 3173
2297 164 3150 3192
5684 18 3191
2298 48 3117 3144 3145
2299 67 3117
2307 7 3117
5691 49 3191
5697 230 3191
5708 7 3191
2323 111 3103 3130
2326 252 3114 3117 3148 3173 3180 3192
2328 215 3114 3148 3192
2352 2 3117
2365 77 3117 3180
2368 17 3117
2371 124 3104 3117 3126 3140 3144 3150 3164 3173 3192
2369 189 3106
2384 72 3192
5783 23 3191
2375 49 3192
2376 26 3117
2381 71 3192
2379 45 3192
2398 62 3117 3130 3180
5809 21 3191
2411 141 3104 3117 3126 3140 3148
2416 37 3150
11 743 3114 3117 3125 3136 3140 3144 3180 3192
14 114 3192
20 187 3136
24 309 3136 3164 3192
36 227 3136 3150 3192
42 89 3136
47 146 3136
53 39 3192
72 164 3136 3164
86 122 3136
87 195 3117 3192
68 275 3117 3145 3150 3192
122 213 3106 3114 3117 3140 3144 3148 3173 3180 3192
113 89 3144
127 132 3114 3117 3180
128 80 3117 3126
136 99 3164
172 123 3117 3126 3140 3150 3164 3173
173 334 3136
74 69 3117
180 54 3136
182 79 3192
4829 78 3103
4899 169 3103
4948 214 3103 3106
4967 361 3103 3191
4982 43 3106
5009 14 3106
5022 172 3191
5029 26 3103
5020 139 3103 3106 3191
5079 271 3103 3191
5106 33 3103
546 142 3136
553 22 3136
556 121 3136 3192
572 5 3192
600 214 3136 3164 3192
626 31 3136
634 150 3192
635 66 3148
646 17 3140 3150
650 98 3117 3130
689 47 3173 3180
695 118 3117
707 123 3136
722 264 3117 3140 3145 3173
727 32 3104
737 232 3106
697 100 3106
759 77 3136
763 68 3130
764 34 3192
766 773 3103 3104 3114 3117 3125 3140 3144 3148 3150 3192
769 146 3148
794 18 3136
784 224 3117
789 317 3103 3106 3191
805 90 3192
813 272 3103 3148 3173 3192
826 249 3105 3117 3130 3136 3140 3150
825 165 3103 3117 3125 3140 3148 3192
2746 25 3171
3373 12 3192
2747 79 3114 3117 3125 3148
3380 42 3148 3173
3394 156 3103 3117 3125 3144 3173 3180
2765 29 3117
3402 122 3103 3106 3144 3180
3404 89 3103 3114 3148 3191
2790 173 3114 3117 3125 3130 3155 3173 3180
3417 30 3173
2804 16 3148
2654 104 3109 3126 3140 3148 3171 3180 3193
3447 271 3103
3451 98 3140 3144
3439 88 3140 3148
3449 314 3103 3106 3125 3140 3144
3450 27 3140
3453 319 3103 3106 3125 3140 3144
2831 39 3103
3452 131 3103 3125
3458 69 3191
3454 148 3117 3125 3180
2832 50 3125 3144
3457 166 3103 3117 3125 3140 3144 3192
2834 5 3117
2838 21 3117
3456 241 3103 3125 3140 3144 3192
3461 101 3140
3459 92 3103
3463 56 3106 3125 3140 3144
3462 54 3192
3470 21 3148 3173
2851 44 3144
3469 23 3192
3477 53 3117 3173
2856 5 3126
3479 102 3125 3192
3482 24 3114
3481 17 3117
2859 139 3144 3155
3488 16 3117
2872 87 3145 3180
2871 282 3106 3114 3117 3126 3140 3145 3150 3164 3192
3498 114 3180
2883 28 3103
3522 71 3192
3519 48 3117
3523 28 3109 3114 3148
3521 29 3117 3125
3386 12 3117
3527 64 3117
2904 18 3104 3117 3164
3541 81 3117
2909 57 3125 3130 3144
2912 33 3104
2923 35 3117
2932 62 3140 3192
3560 16 3125
2936 8 3148
3567 18 3148
2940 123 3114 3117 3148
3568 147 3103 3114 3125 3192
3569 42 3148 3173
2948 26 3117 3130 3140 3150 3164 3193
2958 47 3117 3125
3598 4 3173 3192
2964 70 3192
2972 357 3103 3125 3140 3144 3192
2967 238 3117 3140 3148 3173 3192
3601 52 3173
3595 2 3173
2968 55 3117
3600 12 3173
3597 13 3173 3192
2978 6 3155 3164
3611 22 3114 3148
2989 10 3173 3192
3610 4 3148
2988 55 3173 3192
3614 205 3103 3106 3192
2987 9 3126 3130
3615 144 3117 3125 3140 3180 3192
3624 64 3125
3001 7 3192
3629 4 3114
3000 43 3144
3633 48 3117
3009 51 3103 3140 3144 3148
3630 32 3117
3631 91 3180 3192
3639 12 3144
3010 123 3103 3114 3117 3148 3173
3635 63 3117 3180 3192
3634 82 3144
