5484 22 5178
5482 12 5189
7352 15 5148
5479 28 5148 5182
5485 21 5176 5178
2118 113 5130
2135 146 5100 5155
7390 24 5179
7391 52 5179
2145 145 5130
5524 389 5121 5140 5148 5178 5179 5188 5199
5531 243 5103 5121 5123 5140 5178 5179 5188 5199
5534 14 5178
5193 18 5188
5543 137 5103 5121 5123 5178 5182 5199
5549 10 5178
5550 11 5178
2186 61 5103 5199
5553 46 5178
5565 3 5188 5189
5562 13 5189
5582 105 5140
4532 8 5179
5596 30 5103
5612 66 5179
2237 241 5100 5130 5155 5162 5178
5617 22 5176
2249 38 5199
2256 247 5178
5630 36 5121 5178
2258 95 5121 5182 5199
2264 58 5100
5655 139 5103 5179 5199
5668 4 5178
5647 8 5123
5662 4 5182
5684 18 5176 5182
2299 67 5148
5691 49 5123
7614 39 5179
5696 50 5121 5178
5697 230 5123 5176 5178 5182 5188 5199
5707 4 5123
5709 11 5140
2326 252 5100 5106
2328 215 5188
7675 25 5179
7679 26 5148
7682 36 5148
7685 13 5179
7691 19 5179
2369 189 5123 5148 5176 5179 5182 5189
7697 19 5179
5769 4 5123
5768 13 5178
7703 2 5179
5770 6 5178
2384 72 5106 5162
5783 23 5178
2387 66 5189
5796 191 5103 5121 5140 5178 5179
5787 32 5103 5179 5182
7741 4 5148
5800 222 5179 5199
7738 6 5148
7744 50 5179
7743 13 5179
5802 385 5140 5148 5179 5188 5199
5811 79 5140
7747 8 5148 5179
2410 34 5178
5814 144 5188
5817 75 5176
5819 61 5140 5178
5822 98 5178 5188 5199
5818 67 5178
11 743 5100 5106 5130 5132 5144
24 309 5123 5162
36 227 5144
68 275 5123 5179 5188
109 190 5140 5179 5188
122 213 5155
113 89 5178
136 99 5140
145 18 5189
173 334 5100 5106 5130
4746 18 5178
4748 38 5176 5182
4764 53 5106 5123
4781 27 5178
4792 62 5148
4814 20 5199
4813 46 5140
4821 2 5162
4818 28 5162
4824 101 5103 5123 5133 5155 5182
4829 78 5155 5176
4859 30 5106 5130 5144
4846 34 5106 5115 5141 5189
4853 5 5162
4852 3 5178
4894 79 5121 5123 5189
4899 169 5100 5103 5106 5123 5130 5132 5140 5144 5155 5162 5178 5182 5189 5199
4929 9 5120 5144
4943 31 5100
4936 2 5144
4948 214 5100 5106 5130 5144 5148 5162 5189
4966 25 5106 5144 5162
4963 13 5144
4964 60 5100 5106
4967 361 5100 5103 5106 5121 5123 5130 5140 5141 5144 5155 5176 5178 5179 5182 5188 5189
4938 12 5162
4974 44 5123 5130 5144
4980 16 5178
4976 23 5100
4981 53 5188
4982 43 5100 5115 5144
4988 23 5106 5178
4993 4 5144
4994 19 5199
5002 115 5144 5148 5182 5188 5189 5199
5006 28 5132
5008 27 5130 5144 5189
5009 14 5130
5016 10 5100 5162
5022 172 5121 5140 5178 5179 5182 5188
5029 26 5155
5037 18 5123
5020 139 5130 5148 5162 5176 5178
5078 3 5130
5079 271 5100 5121 5123 5130 5133 5144 5145 5148 5176 5178 5188 5189 5199
5085 4 5115
5106 33 5103
5095 3 5100
580 30 5103 5106 5144
634 150 5103 5106
663 158 5144
737 232 5132 5144 5148 5179 5188 5199
758 2 5130
766 773 5100 5103 5106 5121 5123 5130 5132 5140 5144 5148 5155 5178 5182 5188 5189 5199
762 50 5148 5162
784 224 5100
789 317 5100 5120 5123 5130 5155 5178 5182
816 29 5132
813 272 5100 5103 5123
825 165 5123
831 12 5162
841 61 5132 5144 5162
2747 79 5144
3378 41 5178
3381 180 5188 5199
3394 156 5130 5189
2760 23 5100
2774 46 5121 5123
2775 35 5100 5123 5182
3402 122 5100 5106 5130
3404 89 5100 5106
3390 60 5123
2790 173 5130
2793 6 5178
3447 271 5106 5123 5144 5162 5178 5179 5188 5189
3445 21 5100 5182
3439 88 5188
3449 314 5100 5103 5106 5123 5130 5132 5144 5155 5162 5178 5179 5182 5189
3453 319 5100 5106 5130 5140 5141 5144 5162 5176 5178 5182 5188 5189
2831 39 5144
3455 68 5100
3452 131 5106 5121 5132 5155 5162 5178
3457 166 5115 5176 5179
3460 22 5178
3456 241 5100 5106 5123 5130 5132 5144 5155 5176 5178 5188
3461 101 5189
3459 92 5103 5144 5155 5178 5199
3463 56 5106
3479 102 5130
2855 16 5100
3478 42 5179
2871 282 5106 5130 5132 5144 5162
3498 114 5155 5189
3522 71 5179
3519 48 5144
2889 14 5155
3386 12 5100
2909 57 5123 5155 5189
2932 62 5103
2940 123 5179
3568 147 5130 5146 5176
2953 10 5106
3586 156 5103 5123 5178 5188 5199
2972 357 5100 5106 5130 5132 5140 5144 5155 5176 5178 5199
2967 238 5100 5106 5130 5132 5176
3601 52 5189
2968 55 5148
2988 55 5178
3614 205 5100 5103 5106 5121 5123 5155 5178 5182
3615 144 5121 5130 5132
3007 15 5106
3002 5 5123
3000 43 5123 5178 5182
3009 51 5182
3010 123 5130
