2114 39 2016
2117 23 2066
2118 113 2071
5487 30 2001
2120 122 2001 2071
5495 4 2001
2133 129 2062 2076
2135 146 2014
2145 145 2066
2156 41 2071
2152 4 2085
2159 18 2071 2091
2160 26 2066
5531 243 2001
2174 65 2066
2184 3 2085
2193 12 2062
2198 3 2085 2091
2197 4 2085
2196 3 2085
2210 17 2066
2227 4 2071
2225 34 2071
2240 108 2066 2071
2236 75 2071
2237 241 2014 2016 2091
2250 3 2071
2249 38 2071
2256 247 2053 2066 2072 2076
2251 25 2071
2258 95 2066
2297 164 2066 2072
5691 49 2001
2323 111 2066
2326 252 2016 2066
2328 215 2053 2062 2066 2076
2365 77 2053 2066
2371 124 2053
2369 189 2014
2375 49 2066
2376 26 2066
2378 4 2062
2381 71 2062 2066
2379 45 2062
2411 141 2016 2066
11 743 2004 2007 2014 2055 2060 2062 2066 2071 2073 2076 2079 2085 2091 2095 2097
15 50 2066
14 114 2016 2066
21 76 2085
24 309 2004 2055 2060 2062 2066
36 227 2066 2071
42 89 2004
44 44 2066
47 146 2007 2062 2066 2079 2091
59 94 2062 2066
62 17 2091 2092 2095
72 164 2066
66 44 2014 2062
86 122 2016
71 109 2095
87 195 2053 2066
94 80 2062
103 68 2014
68 275 2001 2066 2072
122 213 2014 2066
127 132 2066 2072
128 80 2062 2069
136 99 2066
147 58 2016 2095
172 123 2016 2062 2066
173 334 2062 2066 2071 2073 2079 2085 2091 2095 2097
74 69 2004
178 63 2073
166 93 2066
197 11 2060
4756 34 2001 2014
4760 7 2014
4824 101 2001
4893 5 2014
4901 2 2014
4898 11 2014
4899 169 2001 2014
4948 214 2001
4967 361 2001
4981 53 2001
5079 271 2001
546 142 2055 2071 2072 2073
559 4 2076
556 121 2004
588 22 2062
600 214 2004 2060 2066
495 6 2014
626 31 2066
634 150 2071 2073 2079
647 32 2062
635 66 2066 2073
650 98 2053
663 158 2066
695 118 2066
704 81 2066
706 95 2060 2062
707 123 2053
708 51 2066
722 264 2053 2066 2097
727 32 2066
742 93 2095 2097
763 68 2095 2097
764 34 2071
766 773 2001 2004 2014 2016 2066 2071 2076
762 50 2066
769 146 2062
788 113 2062 2066
784 224 2053 2060 2062 2066 2076 2091 2095 2097
789 317 2062 2091
795 60 2053
801 6 2055
805 90 2066
813 272 2016 2066 2071 2073 2076 2079
822 11 2016
826 249 2016 2053 2055 2066 2076
825 165 2066
831 12 2085 2091 2095
838 36 2053
837 4 2071
841 61 2014
2746 25 2066
3379 19 2016
3381 180 2016
3394 156 2066
2760 23 2066
2768 40 2053
3392 33 2066
3396 2 2016
2778 22 2053
3390 60 2001
2811 19 2066
2654 104 2053
2819 18 2016
3451 98 2066
3439 88 2016
3449 314 2001 2014
3453 319 2001
2831 39 2001
3455 68 2014
3454 148 2014
3457 166 2066
2834 5 2072
3456 241 2001 2014
3461 101 2066
3462 54 2014
3479 102 2066
2859 139 2014
3478 42 2001
2866 6 2053
3488 16 2066
2871 282 2016 2066
3498 114 2001
3522 71 2001
3521 29 2066
3386 12 2066
3535 5 2016
2900 29 2066
3536 6 2016
2903 8 2053
2905 4 2053
2904 18 2053
2913 11 2066
3541 81 2066
2912 33 2072
3562 40 2066
2940 123 2016
3568 147 2066
2958 47 2066
2964 70 2066
2972 357 2001
2967 238 2014 2016 2066
3601 52 2001
3597 13 2066
2985 4 2016
2988 55 2016
3614 205 2001 2066
3615 144 2066
2991 7 2066
3633 48 2066
3630 32 2066
3631 91 2066
3635 63 2066
