5484 22 7092
7352 15 7092
5485 21 7092
5489 12 7092
7379 7 7088
7378 38 7050
7386 25 7021
7390 24 7047 7063
7394 5 7063
7391 52 7047 7050 7052
7405 18 7050 7063
5524 389 7005 7012 7021 7040 7047 7050 7052 7054 7059 7063 7073 7074 7088 7092 7094
7409 10 7052
7393 12 7092
5531 243 7052 7054 7073 7088 7094
5543 137 7040 7063 7092
7443 10 7092
7449 39 7021
2186 61 7073
5582 105 7073
5596 30 7052
7514 3 7088
7511 16 7021
5620 7 7092
7376 4 7063
7544 11 7005 7092
7150 10 7005 7021 7052
2276 32 7059
5655 139 7047 7050 7063
7578 28 7005 7092
7579 9 7050
7598 33 7047
2299 67 7021 7092
7614 39 7047 7092
7618 3 7092
5697 230 7052 7094
7625 6 7050
7649 10 7052
5738 14 7040
7665 6 7047
7676 5 7047
7666 14 7012
7677 12 7047
7675 25 7021
7679 26 7021
7682 36 7092
7678 2 7047
7691 19 7063 7092
2369 189 7047 7050 7052 7088 7092
5773 75 7021 7040 7047 7059 7092 7094
5771 9 7054
7733 45 7005 7021 7050 7063 7092
5796 191 7005 7021 7063 7092
5800 222 7040 7047 7050 7052 7060 7063 7073 7092
7744 50 7021 7092
7743 13 7005
5802 385 7005 7012 7021 7040 7052 7059 7060 7063 7073 7088 7092 7094
5804 33 7021
5806 83 7092
5807 27 7094
7752 2 7005
7753 2 7005
5814 144 7012 7021 7063 7092
7756 2 7005
5810 29 7054
5816 84 7094
7766 13 7005
5817 75 7023
7769 19 7012 7021
7768 11 7021
5822 98 7063
44 44 7092
29 150 7040 7052
72 164 7050
103 68 7074
68 275 7063 7094
109 190 7005 7021 7047 7052 7063 7092
110 95 7005
127 132 7012
136 99 7050 7054
147 58 7092
154 61 7050
173 334 7092
4764 53 7092
4781 27 7012
4788 20 7021
4792 62 7092
4829 78 7012
4926 7 7050
4943 31 7063 7092
4948 214 7005 7052 7054 7092
4966 25 7047
4964 60 7023
4967 361 7021
4981 53 7021 7063 7092
5002 115 7052 7092
5016 10 7092
5024 4 7092
5028 43 7047 7052 7092
5020 139 7050
5053 52 7088
5059 26 7040 7052 7074 7094
5079 271 7047
580 30 7092
600 214 7050
737 232 7012 7047 7063 7094
766 773 7005 7012 7021 7052 7063 7092
840 7 7063
3381 180 7021 7052 7073 7088 7094
2765 29 7047
3404 89 7092
2790 173 7040
2793 6 7073
3447 271 7012 7021 7052 7092
3466 17 7088
3498 114 7054
2940 123 7012
2941 11 7054
3586 156 7012 7021 7050 7063 7092
2972 357 7023 7074
3614 205 7092
3635 63 7054
