7350 21 5800 5806 5872
7351 2 5897
5482 12 5828 5850
7352 15 5835
2115 16 5828
7354 4 5800
5479 28 5863 5886
5485 21 5886
5489 12 5812
2118 113 5886
7378 38 5800 5806 5872
2129 44 5891
7390 24 5872
7400 15 5806 5839
2145 145 5800 5811 5827 5828 5837
7401 3 5872
5524 389 5800 5802 5804 5811 5812 5814 5818 5819 5822 5827 5829 5835 5839 5871 5872 5886 5897
7409 10 5811 5839
2160 26 5829
7393 12 5839
5531 243 5800 5802 5804 5806 5814 5818 5827 5829 5871 5886 5897
5534 14 5882
5193 18 5863 5872
5543 137 5800 5804 5806 5807 5818 5822 5872 5897
7443 10 5800
7449 39 5812 5872 5887
2186 61 5848
5553 46 5863 5887
5582 105 5802 5822 5824 5829
5596 30 5800 5822 5850 5871 5886
5591 27 5814
7484 3 5806 5872
2226 28 5800
5604 7 5871
5606 28 5828 5830 5832 5837 5844 5848 5872
2240 108 5814 5827 5871
5612 66 5828 5848 5863
2237 241 5844 5848 5886
5617 22 5800
5396 12 5838
5624 28 5809 5848
2257 49 5806
5630 36 5824
2258 95 5804 5828 5863 5891
5644 21 5863
7554 3 5835
5656 5 5838
7150 10 5839
5655 139 5806 5822 5829 5844 5863 5887
5658 10 5812
7578 28 5812
5662 4 5886
7598 33 5839
7594 4 5819
2297 164 5828
2299 67 5814 5827 5829
5691 49 5828 5830 5837 5844 5848 5860 5863 5872 5886 5891
7614 39 5839
5696 50 5804 5824
5702 10 5897
5697 230 5800 5802 5804 5807 5814 5818 5819 5822 5827 5828 5829 5837 5844 5848 5860 5863 5871 5872 5886 5891
7050 5 5839
5707 4 5891
5709 11 5811
2323 111 5817
5714 44 5804 5818 5828
2328 215 5800 5806 5814 5822 5829
7649 10 5839
5738 14 5822
5739 45 5800 5802 5829 5848 5871 5872
5761 9 5800
2369 189 5811 5886
5770 6 5891
5776 14 5872
5783 23 5844 5848 5863
5773 75 5800 5811 5814 5828
7716 2 5839
2376 26 5822
5775 42 5800
5772 15 5800 5811 5829
7717 2 5839
7727 30 5839
7733 45 5812
2387 66 5848 5886
5796 191 5800 5802 5804 5807 5814 5818 5822 5827 5829 5871 5897
5788 5 5802
5800 222 5802 5806 5807 5812 5814 5818 5819 5822 5824 5827 5835 5839 5871 5897
5798 12 5804
5801 2 5817
7744 50 5812 5819 5839
5802 385 5800 5804 5806 5807 5811 5814 5819 5822 5824 5827 5829 5835 5839 5871 5872 5887 5897
5804 33 5801 5871
5811 79 5800 5801 5818
7747 8 5839
5806 83 5800 5811 5872
5809 21 5814
5814 144 5800 5802 5806 5811 5812 5818 5827 5835 5863 5871 5887 5891 5897
5808 6 5804
5812 41 5800 5814 5818
5820 20 5839
5817 75 5800 5811 5814 5886
5819 61 5828 5832 5880 5886
5822 98 5800 5819 5829 5839 5872
5818 67 5804 5814 5829 5871
11 743 5802
20 187 5814 5818
24 309 5818 5863
36 227 5804 5822 5897
53 39 5804
27 102 5844
87 195 5804
99 24 5812
103 68 5800 5822 5872
68 275 5806 5814 5839 5848 5860 5863 5886
109 190 5800 5802 5804 5818 5819 5822 5824 5827 5829 5839 5871
113 89 5886
136 99 5824 5844 5871 5872
143 94 5800 5822
154 61 5886
178 63 5804
166 93 5800
4764 53 5800 5801 5818 5844
4781 27 5828
4788 20 5829
4792 62 5829 5871
4798 4 5807
4818 28 5814
4824 101 5828 5837 5844 5848 5886 5891
4829 78 5800 5802 5818 5839
4843 24 5828 5850
4879 28 5806 5835 5872
4882 3 5817
4894 79 5844 5872
4899 169 5812 5819 5827 5844 5863 5886 5897
4948 214 5800 5806 5812 5817 5819 5839 5844 5872
4964 60 5819 5844 5886
4967 361 5802 5804 5807 5814 5818 5822 5827 5828 5829 5837 5844 5848 5863 5871 5880 5886 5891
4974 44 5844 5872 5886
4976 23 5886
4981 53 5807
4982 43 5817
4994 19 5800 5897
5002 115 5800 5802 5806 5814 5822 5827 5844 5872
5009 14 5848
5022 172 5807 5809 5814 5818 5824 5829 5863 5886 5891
5028 43 5814 5839
5020 139 5817 5850 5860 5872
5053 52 5835 5897
5061 13 5850
5079 271 5801 5802 5811 5812 5814 5817 5824 5827 5828 5829 5837 5844 5871 5872 5886 5891
5085 4 5880
546 142 5800 5807 5871
600 214 5829
634 150 5814 5818 5827
663 158 5806 5887
695 118 5897
737 232 5800 5802 5807 5814 5822 5824 5827 5887
766 773 5800 5802 5806 5814 5817 5818 5822 5827 5828 5829 5835 5837 5839 5844 5848 5871 5872 5897
769 146 5804 5828
788 113 5814
789 317 5804 5817 5897
791 41 5804 5811
813 272 5848
825 165 5817 5828
2744 39 5860 5872
3381 180 5800 5804 5806 5814 5818 5819 5822 5827 5835 5871 5872 5897
3394 156 5882 5891
2760 23 5828 5850
3393 10 5897
2774 46 5828
2775 35 5886
3402 122 5817
2778 22 5812
3404 89 5839 5844 5886 5891
3447 271 5800 5804 5811 5814 5818 5819 5827 5829 5844 5871 5886
3439 88 5827
3449 314 5804 5814 5828 5837 5844 5848 5850 5863 5886 5891
3450 27 5817
3453 319 5800 5802 5804 5811 5817 5822 5827 5829 5844 5871 5886 5891
2831 39 5827
3455 68 5817
3452 131 5844
3458 69 5804 5897
3457 166 5800 5827
3460 22 5819 5829
3456 241 5800 5822 5827 5828 5829 5839 5844 5848 5897
3459 92 5809 5811 5830 5839 5844 5871 5886
3463 56 5817
3462 54 5817
3469 23 5844
3479 102 5844 5872
3478 42 5814 5829 5850
3492 3 5814
2871 282 5817
3498 114 5828 5837 5844 5863
3522 71 5818
3521 29 5844 5886
2909 57 5886
2932 62 5828
2940 123 5806 5872
3568 147 5844 5848 5863
3569 42 5814
3586 156 5800 5804 5806 5811 5814 5819 5827 5839 5872 5886
3593 26 5848
2972 357 5814 5817 5818 5822 5844 5848
3600 12 5811
3614 205 5802 5804 5818 5828 5837 5844 5848
3615 144 5804 5817
3000 43 5800 5802 5806 5811
3631 91 5817
3010 123 5829 5871
