5484 22 6790
5482 12 6790
5485 21 6784
7391 52 6737
2145 145 6784
7402 5 6712
5524 389 6712 6714 6715 6736 6765 6770 6774 6780 6784 6789 6790
5532 26 6774
5531 243 6715 6720 6721 6723 6736 6770 6774 6777 6783 6790
7425 7 6780
5543 137 6736 6774 6784 6790
5549 10 6770 6790
7449 39 6759
5553 46 6759 6780
5582 105 6715 6720 6739 6774 6783 6784
5596 30 6723 6725 6783
7490 27 6712 6780
5604 7 6765
5608 16 6783
2240 108 6774
5612 66 6715 6720 6739
5614 7 6780
7511 16 6780
2249 38 6736
2258 95 6790
2264 58 6714 6784
7564 31 6712
2276 32 6725 6739
5655 139 6725 6736 6755 6790
7580 19 6712
7598 33 6712
5692 21 6765 6784
5696 50 6700 6720 6739
5697 230 6707 6715 6739 6765 6770 6774 6783 6790
5709 11 6707
2328 215 6770 6774 6783
5720 3 6783
7659 6 6712
5738 14 6774
5739 45 6765 6774 6777
7676 5 6737
7666 14 6759
7675 25 6759
7682 36 6759
5761 9 6736
2369 189 6720 6725 6736 6765 6789
5773 75 6774
2376 26 6774
2381 71 6720
5796 191 6715 6739 6770 6774 6783 6784
5788 5 6715
5800 222 6712 6715 6725 6736 6737 6769 6774 6780 6783 6784 6789 6790
5802 385 6712 6714 6715 6725 6736 6739 6765 6770 6774 6777 6780 6784 6789
5804 33 6765 6784
5811 79 6725 6736 6765
5806 83 6724 6737 6739 6756 6772 6777 6789
5807 27 6765
5814 144 6714 6715 6759 6774 6780 6784 6790
5812 41 6784
2414 6 6788
5810 29 6715
5816 84 6700 6736
5820 20 6712
5817 75 6720 6765
5819 61 6780
5822 98 6774 6789
6 302 6765 6790
11 743 6715 6739
20 187 6780
72 164 6715 6774 6790
87 195 6737
99 24 6737 6765 6774
68 275 6774 6784
109 190 6715 6765 6770 6774 6788
136 99 6707 6725 6739 6777
143 94 6770 6784
145 18 6720
199 17 6784
4748 38 6739
4764 53 6715 6784
4788 20 6737 6783
4792 62 6700 6783
4813 46 6715
4824 101 6720 6784
4829 78 6720 6755 6788
4833 6 6790
4843 24 6790
4883 5 6770
4899 169 6715 6739
4925 2 6714
4943 31 6784
4933 3 6774
4934 6 6784
4948 214 6737 6780
4964 60 6755 6770
4967 361 6715 6720 6721 6725 6770 6774 6777 6783 6784 6790
4981 53 6725 6774 6790
5002 115 6715 6720 6774 6784
5022 172 6715 6720 6725 6755 6765 6769 6770 6783 6788 6789 6790
5028 43 6762 6784
5020 139 6725
5053 52 6712 6780
5059 26 6784
5067 2 6720
5079 271 6714 6715 6720 6736 6739 6765 6774 6778 6784
546 142 6715 6784
580 30 6784
600 214 6739 6774
663 158 6784
695 118 6770
722 264 6714 6784
737 232 6700 6720 6725 6736 6739 6759 6765 6770 6772 6780 6784 6789
742 93 6712
697 100 6784
766 773 6715 6739 6770 6774 6783 6784 6790
789 317 6715
805 90 6770
840 7 6784 6790
3381 180 6712 6715 6720 6736 6770 6774 6783 6784 6790
3393 10 6774
3447 271 6714 6720 6724 6736 6765 6784
2819 18 6780
3445 21 6784
3453 319 6724 6725 6770 6777
2834 5 6784
3456 241 6736
2851 44 6725
3479 102 6739
2855 16 6790
3522 71 6770
2889 14 6790
3538 2 6720
2909 57 6774
2940 123 6755 6780 6784
3586 156 6715 6770 6780 6784
3593 26 6736
2972 357 6736 6765 6774
2983 28 6720 6737
3607 24 6715 6770
3614 205 6715
3000 43 6715
3010 123 6770 6783
