2114 39 2585 2593
2116 20 2504 2579
2115 16 2576
2117 23 2504 2517 2535
5479 28 2535
7362 8 2565
2118 113 2511 2550 2579 2580 2585 2587 2594
5487 30 2535
2120 122 2501 2504 2517 2575 2579 2589 2591 2594
7378 38 2565
2129 44 2565
2133 129 2504 2547 2560 2570 2579 2580 2587 2593 2599
5462 19 2552
2135 146 2508 2516 2517 2535 2560 2565 2594
2145 145 2504 2516 2535 2565 2594
2156 41 2517 2580 2589
5524 389 2565
2160 26 2508 2535
2169 32 2580
5532 26 2535
5531 243 2565
2170 2 2544
2172 29 2535 2570
2174 65 2504 2570 2576 2585 2594
5543 137 2507 2511 2535 2565 2589
2186 61 2547 2599
2200 2 2504
2206 14 2504
2209 31 2504 2542 2594
2210 17 2544
2223 15 2547
2226 28 2504 2517
5600 8 2535
2232 12 2589 2591
2231 66 2504 2517 2570 2571 2575 2579 2587 2589 2591 2594
5608 16 2516 2535
2230 49 2504 2585 2591 2594
5606 28 2576
2240 108 2504 2535 2575 2591 2594
2229 143 2504 2517 2550 2565 2570 2571 2575 2579 2580 2587 2589 2591 2593 2594 2597
5612 66 2535
2233 36 2504 2575 2587 2593
2236 75 2550 2593
2237 241 2510 2517 2535 2544 2550 2565 2576 2585 2592 2593 2594 2595
2241 14 2504 2587
2246 8 2535
5617 22 2565
2041 6 2595
2254 6 2504
2256 247 2501 2504 2516 2517 2535 2544 2547 2560 2579 2587 2591 2593 2594 2599
2252 22 2585
5624 28 2507
2257 49 2544 2576 2593
5630 36 2516
2255 31 2560
2258 95 2508 2511 2565 2576
2153 4 2594
5644 21 2516
7564 31 2565
2274 48 2571 2575 2579 2580
5655 139 2511
2289 14 2504
7569 4 2565
5647 8 2576
2287 4 2504
2285 17 2592
7580 19 2565
2290 120 2510 2535 2565 2595 2597
2297 164 2504 2506 2508 2510 2535 2542 2547 2570 2594
2298 48 2501 2504 2535 2547 2560 2575
7605 3 2565
2299 67 2547 2560 2565 2585
2307 7 2585
5696 50 2535
5697 230 2507 2565
2323 111 2516 2535 2565 2576 2580 2585 2594
5714 44 2576
2322 19 2504
2326 252 2506 2508 2510 2516 2535 2542 2544 2565 2576 2585 2592 2594 2595 2597
2328 215 2504 2506 2508 2510 2517 2535 2544 2547 2565 2570 2579 2585 2587 2593 2595 2597 2599
2324 3 2535
2332 36 2589 2591 2594
2340 4 2593
5739 45 2507
2343 7 2589 2591
2272 31 2576 2593
2365 77 2510 2593 2594 2599
2368 17 2508 2560 2565 2594 2599
2371 124 2504 2517 2547 2550 2560 2565 2579 2587 2593
2367 8 2579 2587 2593
2369 189 2552
2338 6 2504 2508
2372 7 2517
2384 72 2511 2516 2565
2375 49 2504 2565 2579 2599
5773 75 2511 2565 2589
2376 26 2535 2594
2378 4 2504 2571
2381 71 2508 2516 2535 2570
2379 45 2516 2565
2390 2 2506
5796 191 2535 2565
5800 222 2565 2589
2398 62 2504 2506 2516 2585 2597
5802 385 2511 2565 2589
2403 2 2542
5806 83 2565
2306 4 2504
2410 34 2507 2576
5814 144 2535
2411 141 2510 2535 2544 2560 2576 2585 2595
5812 41 2535
5810 29 2535
2412 3 2504
5816 84 2535 2565
5817 75 2511 2535
2416 37 2580
5819 61 2507
11 743 2504 2506 2508 2517 2535 2544 2565 2570 2575 2579 2580 2585 2587 2593 2595
14 114 2565 2587 2595
18 12 2570
20 187 2517 2565
24 309 2504 2508 2516 2542 2560 2579 2585 2587 2595
36 227 2506 2570 2579 2594 2599
42 89 2504
44 44 2508 2516
47 146 2506 2565
53 39 2535
29 150 2565
59 94 2547 2550 2560
72 164 2535 2565
67 17 2508
86 122 2570 2576
71 109 2535
87 195 2535 2565 2576
99 24 2565
103 68 2589
68 275 2535 2565 2576 2579 2587 2593 2597
109 190 2511 2535
122 213 2506 2508 2516 2517 2542 2565 2585 2597
113 89 2508 2576
126 25 2576
127 132 2565 2576
136 99 2535
147 58 2516 2570 2579
151 74 2508
172 123 2508 2510 2542 2550 2576
161 32 2579
173 334 2504 2516
194 5 2585
180 54 2517 2542 2597
166 93 2565
197 11 2595
4756 34 2576
4781 27 2516
4792 62 2565
4818 28 2516
4824 101 2516 2576
4843 24 2565
4859 30 2516
4846 34 2592
4879 28 2565
4899 169 2516 2576 2592
4929 9 2516
4948 214 2576 2592
4966 25 2576
4964 60 2516
4967 361 2507 2511 2516 2565 2576 2592
4974 44 2576
4980 16 2516
4982 43 2516
4988 23 2516 2592
4994 19 2589
5002 115 2511 2565
5006 28 2516
5008 27 2516
5009 14 2592
5022 172 2535
5020 139 2516 2565
5053 52 2511
5079 271 2516 2535 2565 2576
546 142 2542 2544
556 121 2542 2595
583 26 2535
600 214 2535 2542 2576 2587 2593 2595
634 150 2542 2565 2579
635 66 2506
637 25 2517 2565
650 98 2576 2587 2593
663 158 2535 2560 2592
689 47 2517 2580 2593
695 118 2506 2535 2576 2585
704 81 2579 2593
708 51 2576
710 105 2542
722 264 2501 2565 2570 2571 2575 2576 2579 2587 2591
737 232 2565
697 100 2517 2535 2576
759 77 2542
763 68 2542 2560
764 34 2501 2504 2580 2585
766 773 2506 2507 2510 2511 2516 2517 2535 2542 2544 2547 2550 2560 2565 2576 2579 2592 2593 2594 2597 2599
762 50 2508
769 146 2506 2535 2542 2576
788 113 2535 2576
784 224 2508 2535 2565 2576 2579 2580 2594 2597
789 317 2507 2516 2592 2593
791 41 2535
813 272 2506 2510 2542 2544 2560 2565 2579 2593 2595 2597
826 249 2501 2504 2542 2550 2570 2571 2575 2576 2580 2593 2594
825 165 2508 2516 2576 2585
841 61 2516 2599
2740 28 2560
3375 43 2510 2542 2544 2585
2744 39 2535
2746 25 2585 2594 2595
2747 79 2510 2565 2585
3379 19 2576 2597
3381 180 2511 2542
3380 42 2510 2576 2585
3394 156 2508 2510 2565 2576 2585
2765 29 2511 2544
3388 15 2565
2760 23 2516
3391 4 2508
2768 40 2542 2547 2560 2599
3392 33 2510 2544 2576 2585
2774 46 2506 2535
2775 35 2576
2780 3 2560
3402 122 2516 2517 2595
3404 89 2585
3390 60 2516 2576
2787 4 2517
2791 15 2547
2802 9 2535
2790 173 2510 2516 2535 2542 2544 2576 2585 2593 2594
2792 18 2599
2793 6 2576
3417 30 2565 2597
2804 16 2597
2807 5 2535
3441 2 2576
3443 20 2508 2565 2576
2654 104 2508 2510 2535 2550 2576 2585
3447 271 2576 2592
3444 2 2576
3445 21 2535 2576
3451 98 2506 2517 2565
2822 43 2535
3439 88 2510 2576 2585 2597
3449 314 2507 2516 2517 2576 2592
3453 319 2516 2517 2565 2576 2592
2831 39 2594
3455 68 2516 2517
2799 8 2565
3452 131 2516 2535 2565
3458 69 2508 2510
2830 6 2547 2560
3454 148 2506 2517 2535 2565 2595
3457 166 2516 2565
2838 21 2535 2585 2593
3456 241 2516 2565 2576 2592
2840 14 2501 2599
3461 101 2552
3459 92 2516
3463 56 2592
3466 17 2535
3470 21 2597
2851 44 2506 2508 2535
3469 23 2535
3477 53 2508 2510 2535 2565 2585 2595 2597
3479 102 2516
3480 18 2506
2860 5 2542
3482 24 2506 2597
2858 3 2516
2859 139 2506 2508 2516 2517 2542 2565 2585
3478 42 2511
3488 16 2506
3496 10 2542
2865 2 2599
2872 87 2506 2508 2535 2544
2871 282 2506 2516 2544 2550 2552 2560 2585 2592 2595
3498 114 2516 2535
2524 7 2508
3512 9 2510
3522 71 2565
3519 48 2516 2565 2576 2585 2595
3523 28 2510
3525 16 2510
3521 29 2535
2900 29 2593 2594
3527 64 2508 2544 2565 2585
3539 2 2508
3540 4 2595
2904 18 2565 2593
3541 81 2506 2508 2544 2565 2585 2595
2908 12 2535 2542
2909 57 2516 2535
3508 11 2535
2912 33 2576 2593
2925 19 2547
2923 35 2535 2585
3553 8 2597
2932 62 2547 2565 2594
3560 16 2516 2565 2597
3562 40 2506 2585
3567 18 2565 2595
2935 36 2517
2940 123 2510 2565 2576 2593 2594
3568 147 2506 2516 2576 2585
2941 11 2535
2947 10 2547
3569 42 2508 2565
2951 19 2547 2576
2948 26 2547 2550 2593
2950 13 2547 2560
3528 13 2565
2958 47 2510 2585 2594
3591 13 2517
2964 70 2595
3589 5 2510
2972 357 2507 2511 2517 2552 2565 2576 2592
2967 238 2506 2516 2517 2565 2576 2595 2597
2968 55 2542 2576
2974 15 2565
3597 13 2565
3607 24 2516 2535
3611 22 2510
2989 10 2565
2988 55 2565 2592
3614 205 2507 2508 2516 2535 2576 2592
3615 144 2508 2516 2535 2544 2592 2595
3622 22 2510 2544 2585
3624 64 2516 2544 2565 2595
3001 7 2542
3633 48 2508 2565 2585
3009 51 2508 2565 2576 2585
3630 32 2585
3631 91 2517 2535 2544
3006 31 2594
3010 123 2510 2544 2565 2597
3635 63 2535 2595
