5489 12 7115
7362 8 7116
2120 122 7146
7391 52 7120
5524 389 7101 7108 7115 7119 7131 7143 7162 7168 7185 7186
5531 243 7108 7115 7143 7149
5543 137 7101 7119 7131 7143
2186 61 7108
7452 3 7131
7181 2 7131
5553 46 7119
7455 4 7131
2192 5 7131
7180 4 7131
5582 105 7108 7119 7143 7144
2215 15 7108
5596 30 7108
5616 15 7108
5630 36 7131
2258 95 7119 7143
2153 4 7168
2264 58 7115
5655 139 7116 7146
7580 19 7116
7588 8 7116
7598 33 7116
2297 164 7168
5692 21 7143
5697 230 7101 7115 7119 7144 7185
7050 5 7120
5714 44 7115 7168
5721 10 7115 7119 7143 7144
2328 215 7131
7686 2 7120
7684 2 7120
7687 3 7120
2369 189 7116 7131 7146 7168
7697 19 7120
5776 14 7149
5773 75 7101 7119 7120 7143 7144 7162 7185
5775 42 7115
5772 15 7168
7733 45 7120
2387 66 7143 7144
5796 191 7115
7736 2 7120
5800 222 7101 7110 7116 7119 7120 7144 7162 7185
5802 385 7101 7108 7110 7115 7116 7119 7131 7143 7144 7168 7186
5804 33 7115 7116
5811 79 7108 7149
5807 27 7101 7115 7116
5814 144 7110 7116
2417 7 7168
5816 84 7115 7168
5817 75 7143 7168 7185 7186
5822 98 7168
6 302 7161
24 309 7119 7143 7144
36 227 7115
42 89 7108
29 150 7119
68 275 7115 7168
109 190 7101 7115 7168 7185
155 28 7116
4760 7 7110 7119
4764 53 7143
4792 62 7185
4964 60 7101 7149
4967 361 7101 7115 7119 7143 7144 7168
5002 115 7115 7119 7143 7144 7186
5028 43 7115 7116
5020 139 7168
5054 2 7119
5053 52 7116
5059 26 7110 7143
5079 271 7108
580 30 7144
600 214 7115
737 232 7115 7116 7162 7185 7186
749 66 7115
766 773 7101 7115 7116 7119 7143 7144 7168
3381 180 7101 7108 7115 7119 7143 7144
3447 271 7101 7108 7144 7186
3457 166 7115 7131
3460 22 7131
3456 241 7168
3459 92 7116
3478 42 7115
3527 64 7108
2909 57 7168
2940 123 7116 7162
3586 156 7110 7119 7143 7144 7168 7185
3593 26 7101 7115 7143 7144
2972 357 7101 7115 7116 7119 7162 7185 7186
3607 24 7143 7168
