138 72 224 228 236 250 252 255 259 271 274 282 298
2114 39 290
2117 23 204
2130 8 290
2133 129 214
2139 3 285
2145 145 204
2174 65 214
2209 31 204
2230 49 214
2240 108 204 285
2229 143 285
2237 241 204
2256 247 214
2290 120 204
2296 2 214
2297 164 204 214
2323 111 204 290
2326 252 204 285
2368 17 290
2371 124 214
2376 26 290
2417 7 290
25 90 214 224 226 246 252 255 257 261 271 273 280 282 286 299
9 81 214 226 228 243 250 258 261 271 274 299
5 23 299
3 23 214 271 286
4 29 214 232 243 282 299
8 182 214 216 219 224 226 232 236 243 250 252 255 258 261 271 273 274 280 282 286 299
6 302 216 219 226 227 228 232 236 243 250 252 257 258 259 261 271 273 274 280 285 286 290 298 299
7 24 228 259 271 299
10 86 214 216 219 246 250 252 255 257 261 271 274 280 286
11 743 204 214 216 219 224 227 228 230 246 250 252 255 257 259 261 271 274 282 285 286 298 299
12 65 214 219 232 236 250 255 257 259 274 282 286 290 299
13 11 214 216 232 250 252 271
15 50 214 299
14 114 214 216 219 224 226 236 250 259 261 271 282 299
21 76 219 236 243 250 252 271 299
17 45 214 258 261 271 273 282 299
18 12 214
19 39 214 216 219 250 252 257 261 271 274 286 299
54 7 214 299
20 187 214 216 224 232 243 250 252 255 257 258 261 271 274 282 286 299
23 74 214 236 252 257 271 280 282 299
24 309 214 228 230 243 255 259 271 280 299
33 24 214
28 133 214 216 224 226 228 232 236 246 250 252 259 261 271 273 280 282 299
35 65 214 226 227 243 257 259 261 271 274 299
37 20 216 252 299
36 227 204 226 228 232 255 271 274 282 299
34 5 282
38 14 280
40 11 214 216 243 252 257 273 274 299
39 41 216 252 271 282 299
26 95 214 216 219 226 232 236 243 250 252 257 258 261 271 273 274 286 299
41 30 226 227 252 271 299
46 59 204 214 224 252 255 271 280 282 286
42 89 214 219 243 250 252 259 271 274 286 298 299
44 44 214 224 259
45 8 299
51 24 214 246 271 280 299
47 146 214 216 226 243 250 252 257 271 274 282 286 290 299
48 21 214 250 252 271 282 299
50 14 216 219 250 252 257 261 271 273 299
56 24 214
49 15 214
53 39 274
29 150 214 228 243 246 252 259 261 271 273 274 282 286 299
58 38 257 271 274 290 299
55 64 214 216 243 250 252 271 282 299
59 94 204 214 219 228 252 271 298
62 17 243 280
57 13 228 271 299
27 102 216 219 226 243 271 274 280 282
72 164 204 226 232 236 243 261 271 282 299
66 44 282
73 13 214 243 274 299
75 31 246 299
79 53 214 236 243 252 271 299
78 41 214 258 261
77 25 214 219 271 299
80 59 236 252 255 271 280 282 299
81 18 214 273 299
67 17 214 274 282 299
89 29 243 271
86 122 214 228 243 259 271 282 299
71 109 214 226 228 236 257 271 299
87 195 204 259 271 282 290 299
90 72 204 214 243 252 271 290
99 24 271
94 80 214 219 224 243 250 252 257 258 261 271 273 274 282 286 299
100 5 232
98 8 228
31 15 230
103 68 255 271 299
104 30 214 243 252 282 299
68 275 271 290
106 9 299
120 8 214 299
109 190 204 290
130 13 271
111 29 271
110 95 228 271 282
122 213 204
113 89 214 219 228 243 290
126 25 228 271
127 132 204 228 232 252 259 261 271 282 290
129 4 299
128 80 214 216 271
132 29 204 271 299
135 7 255
136 99 204 232 243 258 261
140 30 226 258 282
142 25 243 271 299
139 37 228 246 252 271 282 299
143 94 204 214 216 226 250 252 271 274 298 299
145 18 214 271
147 58 271
151 74 228 236 246 271
154 61 204 224 243 252 282
152 21 214 252
155 28 214
156 4 259
157 44 204 243 271 290
172 123 214 246 285 290
161 32 299
162 4 246
163 9 271
168 9 299
173 334 214 227 230 259 271 298 299
171 70 227 230 299
74 69 228 252 257 271 285 299
176 39 271
177 19 214 228
194 5 214 259
178 63 228 271 282
180 54 216 271 274 299
181 3 214 271
166 93 204 214 243 259 261 271 273 274 290
182 79 204 243 271 299
185 4 214
187 37 214 228 243 285
188 3 214
32 4 214
190 2 214
197 11 214 259
199 17 214
201 21 214 252 271 282
191 13 214 259 271
204 12 214
542 7 228 243
545 24 243 299
546 142 214 290
549 4 243
553 22 259
560 8 271
556 121 224 227 228 230 255 259 271 282 299
561 4 236 282
564 15 255 282
574 5 282
590 8 282
583 26 214
586 13 243
592 12 224 280 282
606 3 280
600 214 227 228 243 246 259 271 282 290 299
495 6 282
615 35 246 255 282
618 11 282
633 55 255 271 282 298
626 31 259 282 299
634 150 214 243 271 282 290
647 32 243 282 299
635 66 204 271 282 285 299
646 17 282
636 11 271 282
637 25 271 282
640 4 214 282
643 46 282
641 2 282
642 3 282
644 27 271 282
649 40 282
648 2 282
650 98 214 259 271 290
645 16 214 271 282
658 6 255
659 14 204 271
663 158 214 243 259 271 290 299
639 31 271
673 5 271
674 16 271
689 47 214 259 299
695 118 204 271 290
704 81 271
701 4 230
706 95 259 299
707 123 227 271 290 299
708 51 204 271
710 105 230 243 271
715 23 227 299
722 264 204 214 246 290
732 4 246
727 32 214 271
730 34 243 271 299
737 232 246
749 66 290
742 93 246 271 298
697 100 271
321 27 271
761 8 204
759 77 259 271 299
763 68 214
766 773 204 271 285
762 50 271
769 146 214 228 259 271 290 298
794 18 230 271
786 2 227
788 113 204 243 290
784 224 204 214 230 243 290 299
789 317 243 259 271 290 299
791 41 214 271
795 60 243 271 290
810 34 290 299
816 29 227
805 90 271 290 299
808 4 271
813 272 204 298
334 41 271
823 15 243
826 249 204 290
838 36 204 230
837 4 230
844 45 299
2752 7 290
3380 42 204
2778 22 214
2790 173 204
2654 104 285
2822 43 214
3449 314 222
3461 101 222
2860 5 214
2866 6 214
2867 3 214
2862 4 214
2863 5 214
2865 2 214
2872 87 214 290
2871 282 204 214 290
3513 4 204
3386 12 204
2900 29 204 285 290
2901 4 290
3530 3 204
2940 123 285 290
2953 10 290
2972 357 222
3007 15 290
3000 43 285
3009 51 204
3006 31 290
