138 72 2777
2114 39 2727
2116 20 2721 2794
2115 16 2785
2118 113 2707 2727 2774 2775 2777
5487 30 2764
2120 122 2720 2724 2751 2774 2781 2797 2799
2133 129 2707 2720 2721 2754 2768 2777 2781 2794 2797
2135 146 2707 2747 2763 2774 2775 2790 2794
2145 145 2747 2774 2775 2790 2794
2156 41 2736
5524 389 2774 2785
2171 16 2708 2754 2790
5531 243 2774
2172 29 2777 2794
2174 65 2751 2754 2770 2775 2777
2176 17 2700
5543 137 2765 2774
2186 61 2727 2747 2775
5579 2 2764
2206 14 2720 2777
2209 31 2720
5580 2 2764
2210 17 2790
5581 2 2764 2765
5582 105 2764 2774 2785
5584 12 2764
5583 2 2764 2765
5591 27 2774 2775
2226 28 2790
2225 34 2775
2234 14 2724
2232 12 2720 2781
2231 66 2720 2736
2230 49 2794
2240 108 2746
2229 143 2700 2708 2713 2720 2724 2754
5612 66 2775
2236 75 2700 2708 2713 2721 2724 2754
2237 241 2700 2707 2746 2747 2760 2790
5616 15 2775
2249 38 2754
2256 247 2707 2720 2736 2747 2751 2754 2763 2770 2774 2777 2781 2785 2787 2790 2794 2797 2799
2252 22 2747
2251 25 2707 2721
2257 49 2708 2764
2255 31 2707
2258 95 2727 2760 2774 2775
2264 58 2774 2775 2794
2285 17 2713
2290 120 2727 2746 2747
2297 164 2727 2746 2774 2775 2794 2797
2298 48 2794 2797
2299 67 2700 2746 2754 2794
2307 7 2746
5691 49 2775
5696 50 2774
5697 230 2774 2785
2323 111 2746 2747 2794
5714 44 2774
2326 252 2727 2746 2747 2790 2799
2328 215 2707 2727 2746 2747 2754 2763 2768 2774 2781 2794
2332 36 2708 2754
5739 45 2765
2272 31 2785
2366 7 2736
2365 77 2727 2746 2754 2775
2368 17 2760
2371 124 2707 2724
2369 189 2785 2787
2384 72 2760
5783 23 2775
5775 42 2785
2381 71 2790
5785 2 2775
2387 66 2775
5796 191 2774
5787 32 2775
5800 222 2785
2398 62 2746 2790
5802 385 2785
5811 79 2785
2410 34 2794
2413 2 2747
2411 141 2708 2713 2724 2727 2746 2777 2790 2794 2797 2799
2417 7 2721
5816 84 2774
2416 37 2708 2721 2763 2781
11 743 2720 2727 2746 2754 2760 2763 2775 2777 2787 2794
12 65 2708
21 76 2727
20 187 2774 2775 2777
24 309 2707 2746 2754 2760 2763
37 20 2775
36 227 2775
47 146 2754 2777
53 39 2774
59 94 2724 2727
72 164 2774 2775
66 44 2799
86 122 2754 2763 2775 2799
71 109 2763 2775
87 195 2754 2764 2774 2790
90 72 2760
103 68 2775
68 275 2708 2760 2764 2765 2774 2775
122 213 2700 2747 2768 2799
113 89 2754
127 132 2747 2754 2790
128 80 2768
139 37 2790
172 123 2700 2708 2724
173 334 2774 2787
180 54 2720 2727 2777
182 79 2774 2775 2777
188 3 2713
199 17 2721
4751 4 2775
4813 46 2764
4824 101 2775
4829 78 2785
4832 7 2775
4859 30 2775
4894 79 2764
4899 169 2774
4937 17 2787
4948 214 2764 2785 2787
4966 25 2764
4967 361 2764 2765 2774 2775 2785
4980 16 2774
2346 4 2764
4981 53 2787
4982 43 2775
5006 28 2775
5003 2 2775
5012 14 2764
5008 27 2775
5017 9 2775
5016 10 2775
5022 172 2774
5029 26 2785
5037 18 2787
5020 139 2785
5036 4 2787
5053 52 2774
5079 271 2774
542 7 2774
545 24 2708
546 142 2763
582 34 2760
583 26 2763 2775
600 214 2736 2775
625 3 2774
634 150 2774
644 27 2790
650 98 2785
663 158 2700
667 19 2763
689 47 2736
695 118 2747 2777
704 81 2708
706 95 2763
708 51 2768 2790
722 264 2707 2720 2721 2727 2754 2775 2777 2785 2787 2790 2794 2797 2799
727 32 2775 2777
749 66 2770
742 93 2721
697 100 2785
759 77 2754
763 68 2754
766 773 2700 2707 2713 2721 2747 2754 2760 2763 2764 2765 2774 2775 2785 2787 2790 2794
762 50 2790
769 146 2770 2775
788 113 2790
784 224 2727 2746 2747 2754 2763
789 317 2754 2763 2775 2777 2787 2794
795 60 2775
816 29 2775
805 90 2774
813 272 2707 2727 2747 2763 2790
826 249 2708 2713 2720 2724 2785 2787 2797
836 26 2763
825 165 2700 2790 2794 2799
838 36 2799
841 61 2707 2721 2754 2763 2768 2770
2740 28 2754 2768 2785
3375 43 2727 2746
2744 39 2781 2785 2787
2746 25 2781
3373 12 2746
2747 79 2746
2752 7 2754
3381 180 2774 2785
3380 42 2727 2790
2757 5 2770
3394 156 2727 2746 2747 2775 2790 2799
2765 29 2764
2760 23 2763
2762 3 2763
2768 40 2707 2721 2799
2774 46 2775
2775 35 2777
2780 3 2781
3402 122 2760 2775 2799
2778 22 2781 2787
3404 89 2727 2747
2789 3 2794
2791 15 2794
2544 11 2790
2790 173 2700 2713 2747 2794
2792 18 2794
2793 6 2794
2796 8 2797
3433 9 2775
2804 16 2747 2799
3443 20 2799
2654 104 2713 2724 2746
3447 271 2774 2775
3445 21 2775
2822 43 2707
3439 88 2747
3449 314 2760 2764 2765 2774 2775 2787 2790
3450 27 2760
3453 319 2760 2765 2775 2785 2790
3455 68 2775 2787 2790
3452 131 2760 2765 2787 2790
3458 69 2727
3454 148 2760 2775 2790
3457 166 2775 2787 2790 2799
2838 21 2727 2746
3456 241 2760 2775 2787
3461 101 2760 2787
3459 92 2765
3463 56 2790
3462 54 2760
2851 44 2774
3477 53 2727 2746 2747
2852 2 2775
3472 15 2775
2855 16 2764 2774
3480 18 2727 2775
3481 17 2799
2859 139 2746 2775 2790
3478 42 2775
2872 87 2721 2727 2746 2790
2871 282 2700 2707 2713 2724 2746 2775 2790
3498 114 2775
3512 9 2799
3519 48 2746
3523 28 2727 2747
3521 29 2790
3532 5 2727 2747
2900 29 2790
3527 64 2727 2785
3536 6 2799
3544 7 2799
3541 81 2727 2746
2912 33 2724
3556 14 2727
2923 35 2746
3557 10 2799
3555 14 2746
2933 6 2724
3562 40 2727 2746
2939 7 2707
2940 123 2700 2727
3568 147 2760
2941 11 2747
3569 42 2747
3583 4 2747
2951 19 2760 2790
2950 13 2707
2958 47 2727 2746 2790
3586 156 2774
3591 13 2787
2964 70 2746
2972 357 2746 2760 2787
2967 238 2707 2760 2775 2787 2790
3601 52 2774
2968 55 2785
2974 15 2775
3597 13 2747
3610 4 2747
3614 205 2727 2764 2765 2775 2787 2790
3615 144 2746 2760
3622 22 2727 2747
2994 3 2707
3624 64 2746
3629 4 2727
3000 43 2724
3633 48 2746
3009 51 2765 2774
3630 32 2746
3631 91 2790
3006 31 2707 2721
3639 12 2760
3010 123 2707 2721 2727 2747 2799
3635 63 2746 2760
3634 82 2764
