2114 39 1919 1965
2116 20 1977
2115 16 1965
2118 113 1919
2120 122 1997
2130 8 1977
2128 3 1992
7378 38 1982
2129 44 1990
2133 129 1918 1956 1964 1977 1992
2135 146 1972 1982
7357 9 1982
2134 14 1990
7391 52 1982
2145 145 1982
2156 41 1992
5524 389 1972 1982
7409 10 1982
7421 9 1982
2159 18 1919 1997
2169 32 1977 1997
5531 243 1972 1982
2172 29 1956 1964
7449 39 1982
2186 61 1918 1919
2193 12 1935
2214 3 1985 1997
2206 14 1956
5582 105 1972
2225 34 1992
2232 12 1956
2231 66 1964
2230 49 1964
2229 143 1990
5612 66 1982
2233 36 1919 1956
2236 75 1919
2237 241 1919 1990
2241 14 1992 1997
2246 8 1919
2254 6 1992
2256 247 1918 1935 1990 1992
2251 25 1977
2257 49 1919
2255 31 1919 1964
7544 11 1982
2264 58 1961
2274 48 1919 1964
2289 14 1977
2282 5 1997
2287 4 1997
2286 6 1997
2285 17 1997
2290 120 1990
2293 2 1977
2294 9 1977
2297 164 1956 1990
2298 48 1964
5696 50 1972
5697 230 1972 1982
2323 111 1935 1984 1990
2322 19 1992
2326 252 1935 1990
2328 215 1956 1964 1990 1992
2342 5 1918
2343 7 1992
2272 31 1992
5741 13 1982
7675 25 1982
2357 12 1964
2365 77 1992
2371 124 1918 1919 1964
2369 189 1964 1982
2338 6 1964
2372 7 1964
2370 2 1964
2375 49 1918 1964
5773 75 1982
2376 26 1964
2381 71 1956
7727 30 1982
7733 45 1982
5796 191 1982
5800 222 1982
7744 50 1982
5802 385 1972 1982
5811 79 1982
7755 13 1982
5805 16 1972
2411 141 1915 1918 1919 1935 1990 1992
2414 6 1956
5816 84 1972 1982
5817 75 1982
5819 61 1982
5822 98 1972
9 81 1966
6 302 1982
7 24 1919
11 743 1901 1903 1908 1919 1920 1927 1953 1956 1963 1964 1965 1966 1969 1973 1977 1979 1983 1985 1987 1990 1991 1992 1997
14 114 1927 1966
20 187 1919 1965 1966
24 309 1901 1903 1927 1953 1956 1963 1966 1969 1977 1987
28 133 1964
36 227 1956 1964 1969 1997
42 89 1903 1977 1997
44 44 1919 1920 1953 1956
47 146 1956 1965 1966 1983
58 38 1966
59 94 1918
60 9 1956
72 164 1982
75 31 1956
86 122 1987
71 109 1915 1918 1956 1966
87 195 1956 1965
90 72 1956
94 80 1956
103 68 1982
68 275 1919
109 190 1969 1982
110 95 1964
122 213 1965 1984 1990 1992
127 132 1918 1956
128 80 1918 1950 1973
132 29 1956
136 99 1918 1956 1982 1984
147 58 1955
154 61 1956
172 123 1919 1972
163 9 1965
173 334 1901 1903 1908 1956 1977 1983 1985 1991 1997
74 69 1927
178 63 1966
180 54 1956
166 93 1935 1956 1990
182 79 1919
191 13 1969
4748 38 1972
4781 27 1982
4813 46 1972
4899 169 1972
4948 214 1982
4960 8 1972
4967 361 1972
4981 53 1982
4989 7 1982
5022 172 1982
5020 139 1982
5079 271 1972 1982
5106 33 1982
546 142 1901 1908 1927 1935 1953 1955 1956 1963 1966 1969 1973 1979 1982 1987 1990
556 121 1908 1919 1927 1953 1956 1963 1966 1969 1973 1990
588 22 1964
600 214 1919 1927 1956 1963 1977 1979
633 55 1966
634 150 1965 1966 1972
643 46 1919 1964
650 98 1997
645 16 1919
663 158 1956 1961 1966
667 19 1927
689 47 1992
686 83 1903 1966 1973
699 8 1966
695 118 1901 1979 1983
691 24 1953 1969
704 81 1903 1966 1987
706 95 1919 1956 1984
712 19 1927
710 105 1956 1969
722 264 1918 1956 1992
724 4 1935
727 32 1956 1961
737 232 1982
742 93 1983
697 100 1966
759 77 1956
763 68 1927
764 34 1956 1992
766 773 1915 1918 1919 1935 1956 1964 1966 1969 1971 1972 1982 1984 1990 1992
769 146 1919
788 113 1956 1964
784 224 1918 1919 1964 1966 1973 1987
789 317 1920 1956 1966 1969 1977 1979
805 90 1956 1969
813 272 1908 1915 1919 1927 1964 1987 1990 1991 1992
822 11 1908
820 16 1918
826 249 1908 1918 1919 1927 1953 1963 1966 1970 1973 1979 1984 1987 1991 1992
836 26 1901 1997
831 12 1927
3375 43 1915
3378 41 1961
3380 42 1982
3394 156 1915 1990
3388 15 1919
2774 46 1918
3402 122 1990
2791 15 1918
2790 173 1935 1982 1984 1990
3443 20 1961
2654 104 1915 1935 1990
3451 98 1984
2822 43 1935
3450 27 1984
3453 319 1972
2831 39 1972
3458 69 1984
3454 148 1984 1990
2832 50 1984
3457 166 1915 1972
3456 241 1961 1982 1990
3461 101 1984
3462 54 1984
3479 102 1990
3480 18 1915
2860 5 1919
3483 20 1990
2872 87 1915
2871 282 1918 1919 1984
3523 28 1915
3525 16 1935
2900 29 1918
3527 64 1915
2904 18 1918 1919
3541 81 1915 1935
2912 33 1919
2925 19 1918
3556 14 1915
3555 14 1935
2932 62 1918
3561 4 1935
3562 40 1935 1990
2940 123 1919 1990
3568 147 1990
3583 4 1915
2958 47 1918
3593 26 1961
2964 70 1919
2972 357 1972 1990
2967 238 1984
2968 55 1982
2974 15 1915
2983 28 1982
3614 205 1984 1990
3615 144 1915 1990
3624 64 1990
3633 48 1915
3630 32 1990
3010 123 1915 1990
3634 82 1982
