2114 39 2251
2116 20 2206 2234 2256 2273
2115 16 2210
2118 113 2209 2240 2246 2256
2120 122 2205 2206 2211 2225 2234 2242 2246 2276 2281 2285 2290
2129 44 2210
2133 129 2240
2135 146 2225 2251 2256 2289
7391 52 2223
2144 23 2210
2145 145 2210 2258 2289 2297
2156 41 2205 2211 2233 2241 2294
5524 389 2273
2159 18 2210 2241 2246 2253
2169 32 2202 2241 2246 2285 2294
5532 26 2285
5531 243 2273 2276 2285
2174 65 2210 2256 2276
2176 17 2205 2237
5543 137 2276
2178 3 2285
2184 3 2264
2186 61 2209 2264
2200 2 2202
5553 46 2258
2193 12 2240
5562 13 2277
2198 3 2247
2194 3 2242
2206 14 2233 2234
2209 31 2252
2210 17 2211 2246 2253
5582 105 2276
5600 8 2258
7490 27 2223
2234 14 2285
2232 12 2234
2231 66 2234 2294
2230 49 2231 2234 2240 2256
2240 108 2209 2237 2241 2256 2285
2229 143 2209 2225 2231 2234 2237 2252 2289
5612 66 2276
2233 36 2234 2251
2236 75 2225 2231 2241 2246 2251 2256 2273
2237 241 2209 2251 2252 2256 2257 2276 2289 2290 2297
2246 8 2210
2250 3 2246
2249 38 2281
2256 247 2225 2240 2264 2294
2252 22 2251 2253
2251 25 2231
2257 49 2225 2246
2255 31 2290
2258 95 2246
5644 21 2273
5639 4 2258
2278 4 2276
2269 2 2273
2274 48 2240
5656 5 2276
5655 139 2276
2289 14 2237 2290
2282 5 2285
2285 17 2210 2231
2290 120 2209 2210 2252 2257 2289 2297
2297 164 2209 2210 2225 2240 2290
5684 18 2258 2276
2298 48 2289
2299 67 2251 2256
2314 3 2285
5697 230 2273
2309 3 2285
2319 3 2285
2318 2 2285
2316 3 2285
2317 2 2285
2321 3 2285
2323 111 2210 2225 2240 2252 2297
2320 2 2285
2322 19 2289
2326 252 2209 2210 2252 2257 2289 2290 2297
2328 215 2209 2210 2240 2252 2257 2264 2297
5739 45 2273
2272 31 2225
7675 25 2223
2364 14 2290
2365 77 2252 2256 2297
2371 124 2225 2251 2256 2264
2369 189 2276
2384 72 2237 2256
2375 49 2240 2256
2376 26 2237 2240
2381 71 2252 2297
2379 45 2257
5796 191 2276
5787 32 2276
2398 62 2209 2210 2297
7743 13 2223
5804 33 2276
5809 21 2276
5814 144 2276
2411 141 2209 2210 2251 2252 2256 2290
5816 84 2273 2285
5819 61 2276
5822 98 2285
5818 67 2285
11 743 2202 2205 2206 2210 2237 2240 2241 2246 2252 2253 2257 2273 2289 2294
12 65 2252
15 50 2229
21 76 2202
20 187 2281 2285
24 309 2209 2225 2237 2264 2276
36 227 2237 2241 2297
42 89 2241
47 146 2240
56 24 2211
29 150 2252 2273
62 17 2247
60 9 2252
66 44 2237
71 109 2210
87 195 2256 2264
94 80 2237
68 275 2209 2237 2264 2276
106 9 2211
109 190 2273
122 213 2209 2237 2240 2252 2256 2257 2289
113 89 2264
127 132 2237 2252 2290
128 80 2276 2290
172 123 2211 2225 2240 2273 2297
173 334 2202 2210 2211 2237 2241 2246 2253 2273 2276
178 63 2210
180 54 2246
166 93 2276
187 37 2290
204 12 2211
4781 27 2276
4792 62 2273
4798 4 2223
4818 28 2237
4824 101 2276 2277
4832 7 2237
4833 6 2237
4837 2 2237
4838 2 2237
4842 2 2237
4840 4 2237
4843 24 2237
4859 30 2237
4849 2 2237
4844 2 2237
4860 2 2237
4846 34 2237
4850 3 2237
4851 3 2237
4862 4 2237
4853 5 2237
4855 2 2237
4852 3 2237
4854 2 2237
4856 3 2237
4899 169 2276
4967 361 2258 2273 2276
4988 23 2276
5002 115 2276
5022 172 2285
5020 139 2276
5079 271 2273 2276 2285
546 142 2209 2210 2289 2297
580 30 2258
601 9 2251
600 214 2210 2225 2251 2256 2297
634 150 2225 2289
647 32 2281
637 25 2237
643 46 2253
644 27 2264
650 98 2225 2234
663 158 2223 2242
695 118 2210 2240 2252
704 81 2225 2231
710 105 2225 2276 2290
722 264 2234 2237 2251 2252 2256 2294
727 32 2256
738 8 2276
749 66 2225 2258
697 100 2225
763 68 2257 2294
764 34 2205 2294
766 773 2209 2225 2231 2237 2240 2241 2251 2252 2256 2257 2258 2264 2276 2290 2297
769 146 2210 2225 2231 2256
788 113 2240
784 224 2211 2225 2237 2256 2257 2290 2297
789 317 2210 2211 2237 2240 2273 2276 2281
795 60 2210
798 16 2289
805 90 2237 2297
813 272 2209 2210 2241 2251 2252 2264 2290 2297
820 16 2237 2240
334 41 2202
826 249 2225 2231 2237 2240 2242 2251 2256 2294
836 26 2225 2240 2256
825 165 2209 2237 2252 2276 2285 2290
831 12 2247
841 61 2256
3375 43 2290
3377 4 2297
2746 25 2256
2747 79 2257 2289 2290
3379 19 2209 2252 2290 2297
3378 41 2297
3383 2 2297
3381 180 2290 2297
3380 42 2290 2297
3394 156 2209 2237 2252 2257
2765 29 2257 2273
2760 23 2258
3384 3 2297
2768 40 2264
2775 35 2285 2297
3402 122 2237 2252
3404 89 2257 2276 2290
3390 60 2258
2789 3 2257
2791 15 2297
2790 173 2209 2231 2256 2297
2792 18 2264
3417 30 2237 2257
2804 16 2209 2252
2654 104 2210 2252 2297
3447 271 2237 2258 2285
3444 2 2252
3451 98 2289
2822 43 2256
3439 88 2206 2209 2210 2290
3449 314 2237 2240 2258 2276
3450 27 2240
3453 319 2237 2240 2258
2831 39 2256
3452 131 2237 2240
3458 69 2257
3454 148 2210 2237 2289
3457 166 2257 2289
2838 21 2290
3456 241 2240 2276 2289
2840 14 2256 2264
3461 101 2252 2277
3459 92 2276
3466 17 2209
3470 21 2209 2252
3477 53 2209 2210 2252 2257
3472 15 2237 2285
2856 5 2264
3479 102 2237
2855 16 2225 2264
3482 24 2209 2252 2257
3483 20 2209
2858 3 2264
3481 17 2290
2859 139 2237 2264
3492 3 2285
3495 3 2285
2872 87 2225
2871 282 2210 2225 2231 2240 2251 2252 2256 2257 2290 2297
3491 2 2285
3498 114 2237 2290
3499 3 2285
2883 28 2277
3512 9 2209
3519 48 2237
3523 28 2257
3532 5 2290
2898 2 2297
3527 64 2257
3541 81 2210
2909 57 2237
2912 33 2231 2251
2923 35 2252 2256
3553 8 2252
3557 10 2257
3562 40 2210
2940 123 2210 2240 2251 2273 2290 2297
3568 147 2257
3576 4 2252
3569 42 2210
2951 19 2297
2948 26 2251
3528 13 2257
2958 47 2225 2256
3593 26 2237
2964 70 2210 2225 2237 2256
2972 357 2237 2240 2273
2967 238 2209 2210 2237 2240 2252 2256 2257 2290 2297
3601 52 2276
2968 55 2225 2251 2258 2297
3603 12 2237
2978 6 2237
3607 24 2237
3611 22 2257
2988 55 2252 2257
3614 205 2257 2258 2276
3615 144 2237 2240 2252
3622 22 2257
2994 3 2237
3007 15 2251
3624 64 2210 2237 2240
3000 43 2225
3633 48 2252
3009 51 2252 2290 2297
3630 32 2240 2276
3631 91 2258
3006 31 2225 2256
3010 123 2209 2251 2252 2257 2297
3635 63 2289
3634 82 2240 2276
