2114 39 3680
2118 113 3607
2129 44 3645
2135 146 3614 3691
2144 23 3660
2145 145 3631 3645 3664
5524 389 3631 3634
5520 2 3643
5531 243 3631 3634
5534 14 3643
5193 18 3634
2172 29 3614
5543 137 3634 3643
2186 61 3607
5582 105 3631 3634 3643
5596 30 3631
2226 28 3607
2231 66 3614
2230 49 3623 3680
2240 108 3615
2229 143 3645 3660 3661
5612 66 3634 3643
2237 241 3615 3635 3643 3645 3650 3660 3661 3680
2256 247 3609 3614 3616 3635 3643 3646 3670
2252 22 3629
2257 49 3680
2258 95 3631
2264 58 3660 3691
2276 32 3614
5655 139 3643
2277 8 3643
2290 120 3609 3629 3646 3670 3671 3680 3681
2297 164 3607 3615 3650 3661
2298 48 3660
2299 67 3615
2307 7 3616 3650
5691 49 3643
5702 10 3634
5697 230 3614 3631 3634
5714 44 3643
2322 19 3645
2326 252 3615 3616 3629 3631 3645 3646 3650 3660 3661 3670 3680 3681
2328 215 3607 3615 3629 3650 3661 3670
5739 45 3643
2365 77 3680
2371 124 3634
2369 189 3634 3643
2384 72 3631
5775 42 3631
2381 71 3607 3631
2379 45 3615 3631
2387 66 3643
5796 191 3614 3634 3643
5797 3 3634
2398 62 3609 3650
5799 23 3614
5802 385 3614 3631 3634
5803 2 3634
2411 141 3609 3615 3635 3645 3650 3669 3680 3681
5812 41 3614 3634
5816 84 3634
5817 75 3631
5819 61 3634 3643
5822 98 3634
5818 67 3614
11 743 3607 3615 3631 3635 3645 3650 3660 3661 3680
20 187 3614
24 309 3607 3643 3660 3661
36 227 3680
47 146 3631
53 39 3646 3650
29 150 3643
27 102 3643
72 164 3607
66 44 3680
86 122 3681
71 109 3635 3681
68 275 3607 3614 3634 3635 3643 3661 3691
109 190 3614 3634
122 213 3615 3635 3645 3646 3661 3681
127 132 3615 3680
128 80 3680
143 94 3631
147 58 3643
172 123 3614 3670
173 334 3643
178 63 3634
180 54 3681
166 93 3650
4756 34 3691
4764 53 3631
4813 46 3614
4829 78 3691
4859 30 3607
4846 34 3664 3691
4899 169 3634 3643 3664 3691
4947 10 3643
4948 214 3607 3664 3691
4963 13 3691
4964 60 3631 3664
4967 361 3614 3631 3634 3643 3664 3691
4977 3 3607
4994 19 3634
5002 115 3631 3634 3643
5003 2 3607
5022 172 3614
5020 139 3643
5079 271 3614 3634 3643 3691
5106 33 3643
546 142 3614 3650
556 121 3661
580 30 3664
600 214 3681
633 55 3607
663 158 3635 3661
695 118 3607 3631 3680
704 81 3680
710 105 3671
722 264 3609 3680 3681
737 232 3631
749 66 3607 3634
697 100 3631 3635
759 77 3680
763 68 3664 3691
766 773 3607 3614 3615 3616 3631 3634 3635 3643 3645 3646 3664 3681 3691
788 113 3614 3631
784 224 3615 3631 3650 3661 3680
789 317 3607 3631 3664
798 16 3660 3661
813 272 3615 3646 3650 3681
825 165 3614 3631 3635 3650 3660
844 45 3645
841 61 3664
3375 43 3615 3629 3645 3680
3373 12 3615
2747 79 3650 3670 3680 3681
3378 41 3635
3381 180 3631 3634
3380 42 3615 3623
3394 156 3615 3629 3634 3635 3645 3650 3660 3671 3681
2765 29 3634
3388 15 3645
3392 33 3650
3402 122 3607 3635 3645 3660 3664
3404 89 3643 3650 3680
2544 11 3615
2790 173 3609 3650 3670 3680 3681
2811 19 3607
2654 104 3650 3670 3681
3447 271 3635 3664
2819 18 3623
3451 98 3635 3645 3660
3439 88 3631 3650 3670
3449 314 3607 3614 3635 3643 3645 3664
3450 27 3645
3453 319 3607 3635 3643 3691
2831 39 3631
3455 68 3643
2799 8 3680
3452 131 3635 3643
3458 69 3634
3454 148 3615 3635 3643 3645 3660 3680
2832 50 3645 3650
3457 166 3607 3609 3634 3650 3661 3680
3456 241 3607 3635 3645 3660 3661 3664 3691
3461 101 3607 3631 3643
3459 92 3643
3463 56 3635 3664
3466 17 3680
3470 21 3670
2851 44 3643
3469 23 3615
3477 53 3646 3650 3681
3472 15 3635
3479 102 3615 3631 3661 3691
3480 18 3650 3681
3483 20 3634
2859 139 3615 3645 3650
2872 87 3681
2871 282 3615 3643 3650 3661
3498 114 3631
3522 71 3650 3691
3519 48 3615 3661
3523 28 3670 3681
3525 16 3680
2900 29 3650
3527 64 3631 3646 3650
3544 7 3609 3646
3541 81 3616 3645 3650 3680
2909 57 3643
3508 11 3680
3556 14 3680
2923 35 3629 3646 3680
3553 8 3670
3557 10 3615 3645
2932 62 3615 3635 3646 3661
3562 40 3650
3567 18 3670 3671 3680
2939 7 3669
2935 36 3607
2940 123 3681
3568 147 3615 3635 3645 3660 3661
2941 11 3609
3569 42 3646 3650 3680
2951 19 3615
2958 47 3645 3650
3586 156 3634
3591 13 3615 3645
2964 70 3615
3589 5 3681
2972 357 3607 3615 3634 3635 3645 3650 3661 3664 3691
2967 238 3607 3609 3615 3631 3635 3643 3660 3680 3691
3601 52 3645 3646
2968 55 3650
3600 12 3650
3597 13 3681
3611 22 3680
2988 55 3615
3614 205 3607 3616 3634 3643 3691
3615 144 3607 3616 3635 3645 3650 3660 3664 3691
2991 7 3615
3622 22 3650
3624 64 3660
2999 7 3635
3604 2 3629
3633 48 3650 3680
3009 51 3614 3643 3650
3630 32 3650 3660 3661
3631 91 3615 3650 3660
3639 12 3650
3010 123 3609 3629 3650 3670 3680
3635 63 3615 3631 3650 3660
3634 82 3635 3643 3650
