138 72 4661
5484 22 4600 4653
5482 12 4600 4653
5485 21 4600
5489 12 4600
5487 30 4600 4666
7379 7 4632
5462 19 4631
2135 146 4604 4661
5499 3 4666
2144 23 4687
2145 145 4687
5515 7 4666
5524 389 4604 4632 4666 4689
5527 2 4689
5531 243 4604 4632 4689
5534 14 4653
2174 65 4687
5550 11 4689
5552 8 4687
2186 61 4604
5553 46 4653
5582 105 4666
5591 27 4687
2226 28 4661
5612 66 4687
2237 241 4600 4613 4653 4661 4662 4666 4687
5623 2 4653
7518 3 4632
5396 12 4625
2256 247 4677 4678
5624 28 4625
5630 36 4653
2258 95 4666
5656 5 4653
5655 139 4653
5658 10 4653
5657 2 4653
5660 2 4653
5661 3 4653
2297 164 4604 4687
5696 50 4604
5697 230 4604 4666 4687 4689
2323 111 4687
5714 44 4687
2328 215 4604
2371 124 4653
2384 72 4600 4687
5771 9 4632
2381 71 4687
2387 66 4600 4653
5796 191 4604 4689
5800 222 4666
5802 385 4604 4632 4666 4689
5808 6 4687
5812 41 4687
5810 29 4604
5816 84 4604 4666 4687 4689
5817 75 4632 4687
5819 61 4689
5818 67 4689
11 743 4613 4661 4662
15 50 4600 4645 4658
44 44 4687
53 39 4666
29 150 4666
66 44 4687
86 122 4687
87 195 4632 4687
90 72 4666
103 68 4666
68 275 4604 4613 4631
109 190 4632 4687
122 213 4662 4687
171 70 4689
178 63 4646
4746 18 4654
4756 34 4653
4792 62 4653 4666
4813 46 4632 4687 4689
4824 101 4600 4653
4829 78 4600
4838 2 4600
4840 4 4600
4843 24 4600
4849 2 4600
4844 2 4600
4846 34 4600 4632 4653
4850 3 4600
4851 3 4600
4854 2 4600
4894 79 4600 4653
4899 169 4600 4654 4689
4910 2 4687
4948 214 4600 4653 4666
4952 3 4600
4964 60 4604 4653
4967 361 4600 4604 4625 4653 4666 4687 4689
4938 12 4600
4974 44 4653
4973 8 4654
4981 53 4604
4982 43 4653 4654
4992 4 4632
4864 4 4632
5002 115 4604 4632 4653
5012 14 4666
5011 10 4687
5022 172 4604 4687 4689
5029 26 4600 4653
5028 43 4653
5020 139 4653 4666
5036 4 4654
5053 52 4632
5059 26 4666
5060 3 4653
5079 271 4625 4631 4653 4666 4687
580 30 4653
582 34 4605 4661 4662 4666
583 26 4687
665 7 4687
667 19 4600 4687
689 47 4666
690 3 4600
695 118 4639
704 81 4661
737 232 4632
749 66 4666
742 93 4605
697 100 4661 4666
759 77 4653 4666
766 773 4600 4604 4613 4631 4632 4646 4653 4661 4662 4666 4687 4689
788 113 4687
789 317 4600 4632 4687
813 272 4613 4653
825 165 4678 4687
844 45 4666
841 61 4645
3378 41 4600
3381 180 4666
2765 29 4600
2760 23 4600
2774 46 4646
2775 35 4604 4689
3402 122 4600 4613 4661 4666
3390 60 4653
2811 19 4605
3433 9 4661
3447 271 4653 4654 4661 4662 4666 4677 4678 4687
2819 18 4600
3451 98 4661 4662 4666 4684
3449 314 4600 4613 4631 4646 4653 4661 4662 4666 4687
3450 27 4613 4646
3453 319 4600 4613 4653 4661 4662 4677 4678
3455 68 4646 4661 4666
3452 131 4600 4653 4661
3454 148 4613 4661 4662 4666
2832 50 4631
3457 166 4648
3460 22 4662
3456 241 4600 4605 4613 4653
3461 101 4613 4625 4631 4646 4648 4650 4658 4666 4677 4678
3459 92 4600 4653
3463 56 4613 4662
3462 54 4613
3472 15 4654
3479 102 4600 4661 4662
2859 139 4613 4631 4648 4661 4677
2871 282 4661 4662 4666
3498 114 4600 4653 4666
3522 71 4620 4631 4661
3519 48 4600
2889 14 4653 4687
3538 2 4687
2907 6 4605
2909 57 4653
2932 62 4661
2935 36 4613 4661 4662
3568 147 4605 4653 4662
3569 42 4653
3586 156 4632 4687
2964 70 4646
2972 357 4600 4604 4613 4625 4631 4653 4661 4662 4666 4689
2967 238 4600 4613 4653 4661 4662 4666
2988 55 4600 4653 4687
3614 205 4600 4653 4654 4666
3615 144 4666
2995 10 4645
3009 51 4666
3631 91 4661
3639 12 4662
