5484 22 6044
2115 16 6094
5485 21 6044
7378 38 6044
7391 52 6032
7400 15 6032
2145 145 6006 6096 6097
5524 389 6001 6004 6006 6032 6043 6044 6078 6097 6098
5532 26 6004
5531 243 6000 6001 6004 6006 6041 6054 6098
5543 137 6001 6029 6098
7443 10 6043
5550 11 6044
2186 61 6006 6098
5553 46 6004 6006
5582 105 6004 6006 6097
5596 30 6059 6078
5591 27 6023
5600 8 6029
5612 66 6006 6098
7511 16 6043
5617 22 6044
2256 247 6029
5624 28 6027 6044 6098
7544 11 6032
2264 58 6029
5650 2 6088
7564 31 6044
2276 32 6004
5655 139 6004 6032
5658 10 6029
2290 120 6055
5666 5 6004
7598 33 6043
2299 67 6032
7614 39 6032
5696 50 6004
5697 230 6001 6006 6021
5705 3 6021
7649 10 6044
5739 45 6023
7691 19 6032
2369 189 6001 6041 6044
5776 14 6023
2384 72 6029
2375 49 6004
5773 75 6000 6097
2376 26 6006
5772 15 6001 6004
7727 30 6032
7733 45 6032
5796 191 6001 6006 6032 6055 6098
5787 32 6098
5788 5 6023
5800 222 6000 6001 6032 6043 6097
5799 23 6006
5802 385 6000 6004 6006 6032 6043 6047
5804 33 6006
5811 79 6001
7755 13 6043 6044
5806 83 6006
5805 16 6023
5807 27 6001 6004
5809 21 6094
5814 144 6004 6032
5812 41 6001 6023
5810 29 6006
5816 84 6000 6004 6006
7769 19 6032
5819 61 6004 6098
5822 98 6006 6043 6044 6097
5818 67 6004 6023
24 309 6097
36 227 6006 6044
58 38 6044
72 164 6004
86 122 6094
71 109 6094
87 195 6006
103 68 6097
68 275 6083 6097 6098
109 190 6001 6006 6043 6097
136 99 6000 6006
143 94 6004
173 334 6006 6043 6098
178 63 6006 6098
166 93 6004 6044
4748 38 6009
4764 53 6006 6043
4788 20 6032
4792 62 6032 6044
4813 46 6006
4824 101 6006 6098
4894 79 6027 6029 6088
4899 169 6004 6006 6029 6098
4923 3 6094
4948 214 6044
4960 8 6006
4964 60 6010 6059
4967 361 6001 6006 6029 6047 6078 6083 6096 6097 6098
4970 8 6098
4976 23 6041
4994 19 6043
5002 115 6047
5022 172 6001 6006 6023 6094
5028 43 6006 6023
5020 139 6059 6080 6094
5038 5 6004
5053 52 6043
5059 26 6097
5079 271 6006 6098
5106 33 6000
580 30 6032 6043
600 214 6004
633 55 6004
667 19 6006
737 232 6000 6001 6004 6032 6044 6047 6097
766 773 6001 6004 6006 6029 6032 6043 6044 6098
813 272 6098
838 36 6004
2744 39 6006 6021 6094
3381 180 6000 6097
3393 10 6044
2774 46 6006
3402 122 6032
3404 89 6029
2802 9 6023
3447 271 6044 6083 6097
3449 314 6006 6029 6098
3453 319 6006 6041 6054
3452 131 6006
3457 166 6004 6041
3456 241 6098
3459 92 6029 6078
2851 44 6006
3479 102 6098
3478 42 6006
3498 114 6098
2908 12 6004
2940 123 6000 6004
3586 156 6032 6043 6044
2972 357 6097
3614 205 6006
3631 91 6004
