2114 39 2323
2117 23 2364 2375 2398
2118 113 2323 2324 2328 2332 2338 2345 2381 2385
2120 122 2307 2323 2325 2328 2329 2333 2350
2130 8 2375
2129 44 2328 2398
2133 129 2322 2323 2329 2332 2340 2341 2345 2350 2375 2385 2397
5462 19 2398
2135 146 2322 2323 2324 2328 2375 2381 2398
5499 3 2398
2134 14 2328
2144 23 2328 2398
2145 145 2323 2328 2356 2364 2375 2398
5515 7 2398
2156 41 2329 2362 2378
2160 26 2328 2371 2398
5526 6 2398
2169 32 2322 2329
2174 65 2328 2332 2339
2176 17 2322
2186 61 2375
2193 12 2398
5577 8 2398
2206 14 2340
2209 31 2338
5584 12 2398
2215 15 2397
5591 27 2398
2223 15 2398
2227 4 2375
2225 34 2323 2328
5601 2 2398
5605 11 2398
5604 7 2398
2231 66 2332 2340 2366
5608 16 2398
2230 49 2375
5606 28 2398
2240 108 2322 2325 2328 2341 2356 2362 2398
5610 2 2398
2229 143 2325 2328 2356 2371
5612 66 2398
2233 36 2332 2345 2385
5614 7 2398
2236 75 2323 2325 2356
2237 241 2324 2328 2381 2398
2246 8 2323
5615 3 2398
5616 15 2398
5617 22 2398
2249 38 2322 2338 2397
2256 247 2307 2322 2329 2340 2341 2375
2251 25 2332
2257 49 2381 2397
2255 31 2323 2333 2350 2385 2397
2258 95 2328
2264 58 2328 2381 2385
2274 48 2307 2329 2332 2385
2276 32 2398
2277 8 2354
2289 14 2364
2282 5 2397
2285 17 2398
2290 120 2324
2297 164 2328 2333 2338 2398
2298 48 2328
2299 67 2322 2328 2398
2319 3 2325
2323 111 2369 2398
2330 2 2333
2322 19 2350
2326 252 2307 2324 2325 2328 2329 2338 2339 2341 2348 2350 2356 2384 2398
2331 2 2333
2328 215 2322 2324 2329 2332 2341 2345 2350 2385 2397
2332 36 2333
2340 4 2341
2342 5 2345
2349 2 2350
2343 7 2345
2272 31 2385 2398
2365 77 2328 2385
2371 124 2323 2324 2354 2375
2369 189 2354 2364 2398
2338 6 2323
2384 72 2328 2354 2371 2385 2398
2376 26 2398
2381 71 2323 2398
2379 45 2328 2397
2387 66 2354 2398
2393 4 2332 2397
2398 62 2326
2406 2 2356
2411 141 2307 2325 2375
2416 37 2323 2375
2429 2 2323
11 743 2328 2329 2332 2333 2339 2341 2345 2350 2362 2364 2381 2384 2385 2397
15 50 2398
14 114 2339 2384
20 187 2324 2339 2348
24 309 2323 2328 2329 2341 2345 2354 2371 2375 2385 2398
36 227 2328 2329 2381
38 14 2385
44 44 2345
47 146 2397 2398
56 24 2323
53 39 2324
58 38 2345
59 94 2345 2371 2375 2397
27 102 2369 2398
72 164 2398
89 29 2328
86 122 2354 2397
71 109 2328 2398
87 195 2354 2398
90 72 2384 2398
31 15 2348
103 68 2398
68 275 2307 2325 2328 2338 2354 2371
109 190 2397
110 95 2397
122 213 2322 2354 2371 2375 2381 2384 2398
113 89 2323 2339
127 132 2323
128 80 2322 2340 2366 2386
136 99 2398
143 94 2329 2341
147 58 2341 2371
154 61 2339
155 28 2398
172 123 2307 2323 2324 2325 2338 2345 2348 2356 2385 2397 2398
173 334 2328 2329 2333 2339 2341 2345 2348 2350 2381 2385 2397
178 63 2381 2398
180 54 2325
166 93 2398
182 79 2328 2329
187 37 2323
4756 34 2326 2354 2369 2398
4748 38 2326 2364 2398
4764 53 2398
4765 4 2354
4774 13 2326
4814 20 2364
4818 28 2354 2364
4824 101 2342 2364 2398
4829 78 2364
4833 6 2354
4843 24 2354 2398
4859 30 2381
4846 34 2381 2398
4894 79 2364
4899 169 2364 2369 2381 2398
4929 9 2381
4943 31 2381
4934 6 2398
4947 10 2364
4948 214 2354 2364 2369 2381 2398
4966 25 2398
4964 60 2364 2369 2398
4967 361 2364 2381 2398
4980 16 2398
4976 23 2354 2364
4981 53 2398
4982 43 2398
4977 3 2369
4993 4 2386
5002 115 2398
5006 28 2342 2369
5012 14 2398
5008 27 2369
5020 139 2354 2381 2398
5039 7 2364
5061 13 2386
5069 5 2364
5068 10 2364
5067 2 2364
5081 5 2398
5079 271 2369 2381 2398
546 142 2385 2397
572 5 2398
580 30 2381
583 26 2398
587 18 2375
588 22 2345 2385
600 214 2323 2328 2398
625 3 2398
633 55 2397
634 150 2328
647 32 2322 2345 2348 2350 2385 2397
635 66 2328 2341
650 98 2323 2332 2333 2339 2397
663 158 2324 2364 2381
689 47 2333 2397 2398
686 83 2397
695 118 2328
704 81 2341
706 95 2385 2397
708 51 2322
710 105 2339 2381
722 264 2326 2333 2340 2375 2398
727 32 2323 2397 2398
730 34 2339
737 232 2381
749 66 2324 2328 2384
697 100 2369 2397 2398
761 8 2398
759 77 2398
763 68 2323 2375 2398
764 34 2322 2328
766 773 2307 2322 2324 2325 2328 2338 2354 2356 2364 2371 2375 2381 2384 2398
769 146 2323 2328
781 8 2398
788 113 2397
784 224 2323 2325 2328 2338 2345 2348 2356 2381 2397 2398
789 317 2307 2322 2326 2341 2345 2350 2354 2364 2381 2385 2397 2398
795 60 2381
816 29 2339
805 90 2398
813 272 2322 2323 2324 2328 2329 2354 2371 2375 2384 2385
822 11 2371
820 16 2322 2397
334 41 2329
826 249 2322 2323 2325 2338 2340 2341 2348 2356 2371 2375 2385
825 165 2328 2398
841 61 2323 2340 2369 2375 2381
3375 43 2328
2746 25 2328 2340
3373 12 2328
2747 79 2328
3378 41 2384 2398
2752 7 2398
3380 42 2324 2328
3394 156 2324 2326 2328 2381 2398
2760 23 2398
3384 3 2398
2768 40 2323 2375
3392 33 2324
2774 46 2323 2328
2775 35 2328
3402 122 2324 2364 2369 2381 2398
3404 89 2324
3390 60 2338 2364 2398
2791 15 2375
2802 9 2354
2544 11 2328
2790 173 2322 2324 2326 2398
2792 18 2375
3417 30 2354
2811 19 2398
3433 9 2338
2808 2 2398
3435 4 2384
2815 11 2322 2323
3443 20 2328
2654 104 2307 2324 2371
3447 271 2326 2328 2354 2364 2369
3445 21 2381 2398
3451 98 2326
2822 43 2322 2323 2354
3439 88 2324
3449 314 2354 2369 2381 2398
3453 319 2326 2354 2364 2369 2381 2398
2831 39 2328 2381
3455 68 2326 2364
3452 131 2328 2354 2381
2833 7 2371
2830 6 2323
3454 148 2328 2384 2398
2832 50 2323
3457 166 2326 2364 2369 2381 2398
3460 22 2326
3456 241 2328 2354 2364 2369 2381 2386 2398
2840 14 2375
3461 101 2326 2398
3459 92 2398
3462 54 2326 2354 2398
3468 3 2324
2851 44 2356
3479 102 2328 2364 2369
3482 24 2324
3481 17 2324
2859 139 2307 2328 2398
3488 16 2328
2872 87 2323
2871 282 2323 2325 2328 2364 2369 2371 2381 2384 2386 2398
3498 114 2326 2381 2398
2883 28 2323
2885 5 2323
3512 9 2328
3518 6 2398
3522 71 2328 2364 2384 2398
3519 48 2328 2398
2889 14 2398
3523 28 2324
3521 29 2328
3386 12 2398
2903 8 2398
2904 18 2323
2913 11 2375 2398
3541 81 2307
2907 6 2398
2909 57 2384 2398
3508 11 2328
2912 33 2325 2356 2371
2918 3 2375
2923 35 2307 2328 2375
2924 2 2375
3555 14 2324 2328
2932 62 2328
3562 40 2328
3567 18 2324 2384
2940 123 2324 2325 2338
3568 147 2328 2384 2398
3587 15 2324
2948 26 2371
2953 10 2338 2371
2950 13 2323
2958 47 2323 2328
3593 26 2354
3598 4 2354
2964 70 2384
3594 2 2384
2972 357 2328 2364 2369 2381
2967 238 2325 2326 2328 2354 2356 2364 2371 2381 2384 2398
3601 52 2324 2369 2398
3597 13 2328
3607 24 2328
2986 3 2371
3611 22 2324
2989 10 2371
2988 55 2328
3614 205 2328 2364 2381
2987 9 2371
3615 144 2307 2328 2381 2398
2998 3 2323
3007 15 2323 2398
2995 10 2323 2324
3001 7 2323
3002 5 2323 2364
2999 7 2323
3000 43 2323
3633 48 2384
3009 51 2323 2328
3630 32 2398
3631 91 2328 2364 2369 2381 2398
3006 31 2323 2325 2356 2371
3010 123 2324 2325 2326 2356
3635 63 2328
3004 3 2323
3634 82 2398
