7352 15 3310 3334
2118 113 3351 3352
5487 30 3393
2120 122 3320 3324
7378 38 3334
2135 146 3321 3338 3352 3371 3393
2145 145 3320 3334 3338 3376 3393
7402 5 3334
5524 389 3310 3334 3346 3381
7409 10 3334
7426 2 3334
2171 16 3307 3319 3338 3351
5531 243 3393
7425 7 3334
5193 18 3376
7424 4 3334
7428 2 3334
2174 65 3351
2176 17 3307
5543 137 3334
2186 61 3321 3351 3352
2210 17 3394
2215 15 3334
2226 28 3352
7490 27 3310 3381
2234 14 3313 3321
5605 11 3334
2230 49 3320
2229 143 3307 3319 3320 3324 3338 3346 3348 3351 3371 3376 3394
2236 75 3320
2237 241 3307 3309 3321 3334 3338 3352 3394
5620 7 3346
2041 6 3352
2249 38 3346 3348
2256 247 3301 3324 3338 3352 3371 3376
2257 49 3321 3352
2258 95 3321 3334
2264 58 3352
2269 2 3348
2276 32 3334
5655 139 3334
2289 14 3352
7579 9 3310
2285 17 3321 3371
2290 120 3301
2297 164 3307 3338 3352
2298 48 3352
2299 67 3351
7614 39 3310
5697 230 3334
2309 3 3321
2323 111 3352 3371
5714 44 3334
2326 252 3307 3313 3338 3346 3348 3351 3352 3371 3376
2328 215 3352 3394
2332 36 3319 3320 3324
7661 4 3381
7695 3 3381
2368 17 3307 3351 3352 3371
5761 9 3334
2369 189 3334 3393
2338 6 3348
2384 72 3321
2375 49 3394
5773 75 3334
5775 42 3334
2381 71 3334 3352 3394
7726 3 3310
5796 191 3334
5800 222 3310 3346 3381
2398 62 3352
5798 12 3346
7744 50 3310 3381
5802 385 3310 3334 3346 3381
5811 79 3334
5807 27 3334
2411 141 3307 3319 3324 3338 3376
5816 84 3334
5820 20 3381
7766 13 3310
2416 37 3338 3348 3371
5822 98 3334 3346
30 5 3352
11 743 3309 3321 3334 3352 3394
12 65 3371
15 50 3334
20 187 3371
24 309 3351 3352
36 227 3334 3352 3394
42 89 3352
47 146 3352
53 39 3352
72 164 3334 3352
66 44 3352
86 122 3310
71 109 3334 3352
87 195 3334 3352
90 72 3309 3352
99 24 3371
68 275 3307 3313 3334 3351 3352 3371 3376
109 190 3310 3334
122 213 3309 3321 3352 3393
127 132 3351 3352
136 99 3346
172 123 3307 3338 3371
4746 18 3352
4751 4 3352
4756 34 3334
4760 7 3352
4764 53 3352
4765 4 3352
4771 3 3352
4818 28 3334
4855 2 3334
4881 4 3334
4879 28 3334
4882 3 3334
4885 4 3334
4884 4 3334
4883 5 3334
4899 169 3393
4948 214 3393
4964 60 3393
4967 361 3376 3393
4982 43 3393
5012 14 3393
5037 18 3334
5020 139 3334 3393
5032 2 3334
5059 26 3346
5079 271 3334 3346
546 142 3334 3352
556 121 3352 3371
580 30 3346
582 34 3321
583 26 3334
600 214 3352
633 55 3310
634 150 3394
635 66 3307
643 46 3338
689 47 3371 3393
695 118 3309 3352
701 4 3334
710 105 3376
722 264 3371 3393
749 66 3352
742 93 3334 3352
697 100 3371 3393
763 68 3352 3393
766 773 3307 3309 3310 3319 3320 3321 3324 3334 3348 3351 3352 3381 3393 3394
769 146 3371
788 113 3307 3338
784 224 3307 3338 3351 3352 3371
789 317 3334 3352 3393
805 90 3309 3352
813 272 3352 3394
826 249 3307 3320 3338 3351 3371
825 165 3321 3334 3352
844 45 3352
3375 43 3334 3376
3367 3 3371
2747 79 3320 3352 3394
3374 4 3376
3379 19 3334
3378 41 3321 3352
3381 180 3346
3394 156 3301 3334 3352
3388 15 3352
2774 46 3309
2775 35 3352 3394
3406 4 3352
3402 122 3321 3334 3352 3394
3404 89 3352
3390 60 3321 3393
2787 4 3307
2544 11 3352
2790 173 3301 3307 3324 3334 3348 3352 3376
3417 30 3321
3433 9 3321 3352
2654 104 3313 3352
3447 271 3309 3321 3334 3352 3376
3451 98 3309 3321 3346
3439 88 3334
3449 314 3309 3321 3334 3352
3453 319 3309 3321 3334 3352 3393
3455 68 3321 3334
3452 131 3321 3352
3458 69 3301
3454 148 3313 3321 3334 3352 3394
2832 50 3352
3457 166 3352
3456 241 3321 3352
3461 101 3321
2839 5 3334
3463 56 3321 3334 3352
3462 54 3352
3472 15 3352
3479 102 3321 3334 3352
3480 18 3352
3483 20 3393
2859 139 3320 3321 3352
3478 42 3394
3490 2 3321
2872 87 3313 3338
2871 282 3309 3313 3338 3352 3393
3498 114 3309 3352 3393
2875 6 3307 3351
3522 71 3334 3393 3394
3519 48 3352
3521 29 3334
3527 64 3352
2906 6 3352
3541 81 3394
2907 6 3352
2909 57 3352
2923 35 3394
2932 62 3321 3394
3560 16 3320
2935 36 3321
2940 123 3307 3351
3568 147 3321 3334 3352 3394
2947 10 3352
3569 42 3352
2958 47 3352 3394
3586 156 3334
3591 13 3334 3352
2964 70 3307 3309 3320 3321 3351 3394
2972 357 3320 3321 3334 3352 3376
2967 238 3309 3321 3334 3346 3351 3352 3394
3601 52 3334
2968 55 3338 3394
3607 24 3352
3614 205 3309 3352 3393 3394
3615 144 3352 3394
3622 22 3352
3624 64 3334
3001 7 3352
3000 43 3301 3307 3320
3631 91 3313 3352
3006 31 3338 3351
3639 12 3309
3010 123 3307 3338 3351 3352 3371
3635 63 3352 3394
3634 82 3352 3393 3394
