2118 113 4400 4448 4463
5487 30 4435
2120 122 4466
2129 44 4424 4463
2135 146 4448 4463
7386 25 4401
7391 52 4401
2145 145 4400 4424 4485
5524 389 4432 4435 4483 4488
5531 243 4412 4441 4488
5543 137 4483 4488
2223 15 4401
2240 108 4471
2229 143 4402 4411 4417 4422 4424
2237 241 4417 4422 4424 4448 4453 4463 4485
7376 4 4435
2256 247 4400
2264 58 4417
2276 32 4400
7578 28 4435
2290 120 4402
2297 164 4400 4453
5684 18 4483
2298 48 4417 4424
2299 67 4448
5691 49 4483
5697 230 4401 4412 4483 4488
5708 7 4483
2323 111 4400
2326 252 4402 4411 4417 4424 4468 4480
2328 215 4483
7665 6 4432
2364 14 4424
7685 13 4401
2369 189 4401 4432 4448
5775 42 4435
2381 71 4453
2379 45 4480
7733 45 4401 4432
2387 66 4400 4448
5796 191 4483 4488
7744 50 4401 4432
5802 385 4401 4435 4483 4488
5804 33 4483
5811 79 4412 4488
2410 34 4400
5814 144 4401 4432
2411 141 4412
7766 13 4435
5817 75 4483
5818 67 4401 4432 4483 4488
11 743 4417 4422 4424 4463 4485
24 309 4463 4485
36 227 4483
27 102 4400 4448
87 195 4400 4453 4485
68 275 4453 4485
109 190 4401 4441 4483
110 95 4435
122 213 4400 4417 4422 4453 4463
127 132 4424 4453
136 99 4412
178 63 4483
166 93 4463
4748 38 4468
4764 53 4488
4792 62 4400
4829 78 4400 4448 4482
4846 34 4400 4448
4894 79 4448 4483
4899 169 4400 4448 4482 4483
4948 214 4400 4401 4432 4435 4448 4482
4964 60 4448
4967 361 4400 4448 4482 4483 4488
4970 8 4482
4976 23 4482
5002 115 4400 4448 4483
5013 7 4448
5022 172 4441 4488
5029 26 4400
5020 139 4400 4441 4482
5048 6 4488
5079 271 4400 4401 4448 4468 4483
5106 33 4400
546 142 4424 4453 4463
600 214 4441
634 150 4400 4424
663 158 4400 4424 4480 4485
667 19 4463
695 118 4480
737 232 4401 4432 4441
749 66 4400
742 93 4424
766 773 4400 4422 4435 4448 4453 4463 4471 4480 4482 4485 4488
788 113 4453
784 224 4424
789 317 4400 4441 4448 4482
798 16 4417 4424
816 29 4463
813 272 4402
825 165 4412 4417 4463
844 45 4453
2747 79 4402 4480 4485
3378 41 4463
3381 180 4488
3394 156 4400 4402 4424
3402 122 4400 4453 4463 4480 4485
3404 89 4448 4482
2790 173 4400 4448 4466
3417 30 4448
3447 271 4400 4448 4483
3445 21 4422
3451 98 4402 4403 4417 4422 4466 4471
3439 88 4402 4403
3449 314 4400 4422 4448 4453 4463 4466 4482 4483 4485
3453 319 4400 4417 4448 4463 4466 4468 4482 4485 4488
3452 131 4400 4402 4424 4480
3458 69 4483
3454 148 4412 4424 4463 4485
2832 50 4422 4424 4463 4468 4480 4485
3457 166 4417 4422 4466 4468
3460 22 4463
3456 241 4400 4402 4417 4422 4424 4448 4453 4463 4483 4485
3459 92 4400 4448
3463 56 4466 4485
3462 54 4466
2851 44 4432
3469 23 4485
3479 102 4422 4480 4483 4485
2859 139 4402 4412 4463 4468
3496 10 4485
2871 282 4400 4466 4468 4482
3498 114 4448
2883 28 4448
3522 71 4441
3519 48 4400 4448
3521 29 4453 4482 4485
3541 81 4417 4424
2912 33 4463
2932 62 4463
3560 16 4402 4463 4481 4485
2935 36 4466
2940 123 4485
3568 147 4417 4448 4483
2951 19 4411 4463
3587 15 4488
2958 47 4400
3586 156 4401 4435 4441 4483
3591 13 4480
2964 70 4424
2972 357 4400 4411 4412 4422 4448 4453 4468 4482 4485
2967 238 4422 4453 4471 4485
3601 52 4400
2983 28 4432
2988 55 4483 4488
3614 205 4400 4422 4448 4482 4483
3615 144 4417 4422 4424 4463 4480 4485
3624 64 4422 4448 4485
3009 51 4400 4422
3631 91 4424
3010 123 4400
3635 63 4402 4403 4453
