5479 28 3238
2119 5 3251
5485 21 3238
2118 113 3253
2120 122 3243 3258
2135 146 3237 3238 3253 3276
7321 3 3293
7390 24 3238
7394 5 3293
2145 145 3260 3265 3291
5524 389 3238 3291 3293
2160 26 3253
5532 26 3291
5531 243 3274 3291
2174 65 3253
5552 8 3238
7449 39 3297
2186 61 3238
5553 46 3293
5562 13 3274
2209 31 3201
5582 105 3291
2217 11 3276
5591 27 3291
2226 28 3253
7490 27 3238
2225 34 3238 3253 3265
2231 66 3201
2240 108 3238 3260
2229 143 3235 3243 3251 3253 3265 3276
5612 66 3291 3297
2233 36 3238
5614 7 3293
2236 75 3243 3251 3253 3258 3265
2237 241 3260 3284 3291
7517 2 3293
2249 38 3291
2256 247 3200 3243 3253 3256 3258 3266 3276 3291
2251 25 3265
5624 28 3293
2257 49 3253 3291
2258 95 3200 3253
2264 58 3293
7564 31 3238 3293
2274 48 3235
2285 17 3258
7586 7 3238
2290 120 3200 3258 3260
7598 33 3238
7594 4 3293
2297 164 3253 3258 3260 3265
2298 48 3235 3253 3276 3291
2299 67 3251 3265
7614 39 3238
5696 50 3291
5702 10 3238
2323 111 3243 3260
2326 252 3200 3258 3260 3276 3291
2328 215 3258 3260 3291
7649 10 3238
2332 36 3251 3253
7665 6 3238
7682 36 3297
2359 2 3265
2365 77 3253 3260 3291
2371 124 3235 3237
2369 189 3238
2384 72 3238 3291
5773 75 3238
5775 42 3297
2379 45 3200 3291
2387 66 3274
5796 191 3238 3291
5800 222 3238 3297
2398 62 3260
5802 385 3291 3293 3297
5814 144 3238 3293
2411 141 3253 3291
5812 41 3291
5810 29 3291
5816 84 3291
5817 75 3291
2416 37 3251 3276
5822 98 3291
11 743 3258 3260 3284 3291
36 227 3258 3274
53 39 3276
72 164 3238 3276 3291
87 195 3238 3276
99 24 3293
68 275 3238 3258 3276
109 190 3291
122 213 3251 3253 3258 3260 3276 3291
113 89 3238
127 132 3265 3291
136 99 3297
172 123 3243 3251 3253
173 334 3238
180 54 3265
182 79 3251 3253
4746 18 3276
4748 38 3284
4764 53 3293
4781 27 3274
4824 101 3274
4859 30 3276
4894 79 3274 3276
4898 11 3276
4899 169 3238 3274 3284
4947 10 3276 3284
4948 214 3238 3274 3276 3284
4960 8 3291
4964 60 3284
4967 361 3238 3274 3291
4974 44 3284
4980 16 3274
5022 172 3291
5028 43 3238
5039 7 3284
5043 2 3284
5053 52 3238
5078 3 3284
5080 3 3284
5081 5 3284
5079 271 3284 3291 3297
546 142 3260
580 30 3293
633 55 3253
634 150 3276
650 98 3256
663 158 3253 3284
704 81 3253
710 105 3284
722 264 3253 3255 3258 3276
737 232 3238 3284
749 66 3238
742 93 3238
697 100 3274
763 68 3284
764 34 3276
766 773 3200 3238 3243 3251 3253 3265 3271 3274 3276 3284 3291 3293
769 146 3251 3253
784 224 3265 3291
789 317 3276 3291
805 90 3291
813 272 3258 3276 3284
826 249 3235 3251 3253 3258
825 165 3258 3276
841 61 3251
2740 28 3200
3375 43 3260 3276
2746 25 3265
2747 79 3200 3258 3260 3265 3291
3381 180 3238
3380 42 3276
3394 156 3260 3276 3291
3392 33 3284
2774 46 3238
3402 122 3276
3404 89 3238
3390 60 3274 3291
2790 173 3253 3260 3265
2804 16 3260
2654 104 3253 3255 3258
3447 271 3238 3274 3276 3291 3297
2819 18 3251
3439 88 3258 3260 3276 3291
3449 314 3274 3276 3284
3453 319 3238 3274 3284 3291
3455 68 3276 3284
2799 8 3200
3452 131 3274
3454 148 3260 3276
3457 166 3276 3297
3460 22 3238
3465 3 3258
3456 241 3238 3274 3291
3461 101 3271
3477 53 3260
2856 5 3243
3479 102 3276
2855 16 3276
3483 20 3276
2859 139 3200 3258 3260 3291
3496 10 3258
2872 87 3243 3253 3258 3260
2871 282 3243 3251 3253 3258 3260 3276 3284 3291
3498 114 3238 3297
2883 28 3274
2886 3 3238
3522 71 3291
3519 48 3258 3291
3525 16 3200
3521 29 3258 3291
2900 29 3253
3527 64 3200 3260
2904 18 3265
3544 7 3276
3541 81 3200 3260 3276
2909 57 3260
2912 33 3265
2925 19 3265
3556 14 3200 3276
2923 35 3265 3291
3553 8 3276
2932 62 3291
2933 6 3253
3562 40 3260
2940 123 3238 3266 3291
3568 147 3258
2947 10 3253
3569 42 3200
3528 13 3276
2958 47 3265 3291
3586 156 3238 3291 3293
2964 70 3251 3258 3265 3291
3589 5 3276
2972 357 3258 3274 3291
2967 238 3258 3265 3276 3284 3291
2968 55 3265 3276 3293
3614 205 3238 3274 3276 3284 3291
3615 144 3200 3258 3260 3291
3624 64 3274
3000 43 3276
3633 48 3260
3009 51 3276
3631 91 3258 3276
3010 123 3251 3265
3635 63 3276 3291
