5484 22 5780
2115 16 5721
5479 28 5773
5489 12 5780
5495 4 5737
5462 19 5780
2135 146 5743
5524 389 5714 5739 5760 5773 5776
5532 26 5772 5780
5531 243 5714 5732 5739 5753 5760 5775 5776 5780 5799
5534 14 5775
5543 137 5739 5753 5798
5549 10 5714
5552 8 5780
5558 3 5705
5582 105 5714 5776 5799
5596 30 5738
5591 27 5799
2226 28 5773
5606 28 5745 5775 5780
5612 66 5757
2246 8 5714
5616 15 5732 5760
5617 22 5772 5780
2256 247 5709
5624 28 5713 5778 5782
2257 49 5732
5630 36 5739 5760
2258 95 5721 5732 5753 5760 5773 5784 5790 5798
2264 58 5714 5775
5655 139 5709 5714 5738
5660 2 5799
5647 8 5706
2297 164 5714
5684 18 5743 5798
2299 67 5714
5691 49 5743 5753 5780 5784 5790
5692 21 5773
5697 230 5714 5738 5739 5743 5773 5776 5798 5799
5704 4 5705
5709 11 5799
2323 111 5799
5714 44 5743 5760 5798 5799
5721 10 5776
2331 2 5714
2328 215 5714
5720 3 5721
5731 2 5732
5722 3 5721 5737
5741 13 5743
5747 2 5799
2365 77 5721 5773 5775 5780
5761 9 5780 5784
5763 4 5775
2369 189 5714 5739 5745 5775 5799
5770 6 5784
2384 72 5753 5775 5790
5783 23 5784
5773 75 5745 5760 5772 5775
5775 42 5773
5771 9 5760 5773 5775
2381 71 5721 5743 5799
5772 15 5775
2387 66 5780
5796 191 5714 5739 5760 5772
5787 32 5753
5788 5 5790
5800 222 5739 5760
7744 50 5738
5802 385 5714 5738 5739 5760 5773 5776 5798 5799
5811 79 5739 5760
5805 16 5738 5799
5807 27 5776
2410 34 5721 5743
5809 21 5753
5814 144 5714 5738 5739 5760
5812 41 5760
5816 84 5798
5817 75 5709
5815 5 5798
5819 61 5753
5822 98 5799
5818 67 5760 5798
20 187 5714 5775 5780
24 309 5714
37 20 5780
36 227 5714 5799
42 89 5775
27 102 5743
71 109 5714
87 195 5732 5737 5775 5790 5798
68 275 5721 5732 5745 5780
109 190 5714 5739 5760 5798 5799
122 213 5790
113 89 5721
136 99 5738 5739
155 28 5745
173 334 5714 5760 5799
166 93 5738
4746 18 5760
4756 34 5737 5760
4764 53 5721
4792 62 5732 5739 5745 5756
4813 46 5799
4818 28 5790
4824 101 5706 5721 5732 5737 5743 5745 5753 5775 5780
4829 78 5739
4825 2 5775
4843 24 5714
4879 28 5760
4883 5 5714
4894 79 5713 5799
4899 169 5743 5753 5775 5780 5799
4926 7 5760
4948 214 5721 5732 5737 5743 5773
4960 8 5799
4964 60 5760
4967 361 5705 5714 5721 5732 5737 5739 5743 5753 5775 5776 5780 5790 5792 5798 5799
4974 44 5743 5775
4981 53 5714
4988 23 5790
4994 19 5760
5002 115 5721 5737 5773
5006 28 5743
5022 172 5738 5739 5753 5760 5798 5799
5037 18 5743
5020 139 5706 5740 5760 5772
5051 8 5775
5053 52 5760 5775
5061 13 5760
5079 271 5709 5714 5732 5737 5739 5743 5756 5760 5775 5780 5798 5799
600 214 5714
633 55 5773
634 150 5773
689 47 5790
695 118 5760
737 232 5738 5760 5772
742 93 5745
697 100 5790
766 773 5714 5721 5732 5737 5739 5743 5753 5773 5775 5776 5780 5790 5799
788 113 5709 5798
789 317 5721 5743 5753
813 272 5753
825 165 5737 5740 5743 5745
3375 43 5743
2744 39 5784
3381 180 5714 5739 5760 5776 5798
2760 23 5784
3404 89 5732
3390 60 5705 5732 5737 5743 5756 5775
3447 271 5705 5737 5743 5760 5775
3449 314 5732 5737 5743 5753 5775 5780 5790 5798
3453 319 5714 5721 5737 5739 5743 5775 5780 5784
3452 131 5753 5790
3457 166 5753
2834 5 5793
3456 241 5714 5739 5743 5760 5775
3459 92 5739 5780
3479 102 5732 5737 5743
3478 42 5732 5775 5799
2871 282 5737 5775
3498 114 5721 5743 5753 5780 5790
3522 71 5790
2908 12 5753
3554 6 5705
3568 147 5757
2958 47 5772
3586 156 5714 5739 5753 5760 5799
3593 26 5776
2972 357 5705 5721 5732 5737 5738 5743 5756 5757 5775 5776
3601 52 5721 5732 5737 5743
2974 15 5743
2983 28 5738
2988 55 5775
3614 205 5714 5732 5737 5739 5743 5753 5775 5798
3009 51 5756
3010 123 5780
