2114 39 3576
5484 22 3586
2116 20 3529
2118 113 3580
2120 122 3538 3548
2129 44 3529 3557 3568
2135 146 3537 3568
2145 145 3537 3587
5524 389 3586
2160 26 3562
2174 65 3516
5543 137 3586
2209 31 3580 3587
2210 17 3562
2217 11 3562 3568
2230 49 3541
2240 108 3580
2229 143 3520 3537 3568 3580 3587
2237 241 3529 3537 3541 3557 3568 3580
2256 247 3520 3547 3555 3562 3576 3587
2252 22 3520 3576
5624 28 3586
2258 95 3568 3586
5655 139 3586
2289 14 3568
2290 120 3516 3520 3529 3537 3541 3547 3548 3556 3557 3567 3568 3580 3587
2297 164 3516 3529 3537 3562 3568 3576 3587
2299 67 3541 3580
5697 230 3586
2323 111 3516 3541 3562 3580
5714 44 3586
2326 252 3506 3516 3520 3529 3537 3538 3541 3548 3557 3562 3567 3568 3580 3587
2328 215 3529 3537 3562 3568 3587
2332 36 3548 3556 3562
2364 14 3538
2365 77 3516 3580
2371 124 3516 3537
2369 189 3541 3554
5770 6 3586
2384 72 3516
2379 45 3541
2387 66 3554
5796 191 3586
2398 62 3516 3555 3580
2410 34 3586
2411 141 3506 3529 3537 3538 3548 3580 3587
2416 37 3587
5819 61 3586
11 743 3529 3537 3557 3562 3568
14 114 3562
20 187 3516
24 309 3537 3568 3586
36 227 3537 3562 3586
46 59 3506
53 39 3568
27 102 3537
86 122 3529 3537 3576
71 109 3529 3562 3576
87 195 3516
103 68 3537
68 275 3506 3537 3557 3586
122 213 3516 3520 3537 3541 3568 3580 3587
113 89 3537 3586
127 132 3516 3520 3537 3549 3562 3567 3580 3587
157 44 3506
172 123 3506 3516 3529 3580 3587
173 334 3537
180 54 3567 3587
166 93 3562
182 79 3537
204 12 3516
4746 18 3537
4824 101 3537 3586
4859 30 3537
4879 28 3537
4899 169 3537 3586
4943 31 3537
4937 17 3537
4947 10 3537
4948 214 3537 3554
4963 13 3537
4964 60 3537 3586
4967 361 3537 3586
4974 44 3537 3586
4973 8 3537
4981 53 3586
4982 43 3537
5024 4 3537
5020 139 3554
5036 4 3537
5039 7 3537
5040 3 3537
5059 26 3537
5060 3 3537
5061 13 3537
5079 271 3586
546 142 3516 3562
556 121 3537
582 34 3557
583 26 3576
600 214 3568
634 150 3516 3554 3580
635 66 3516
695 118 3516 3537 3580
710 105 3516 3537
722 264 3580
737 232 3568
749 66 3537
742 93 3568
759 77 3520 3537 3587
763 68 3529
766 773 3506 3516 3537 3541 3547 3549 3554 3555 3557 3562 3580 3586 3587
769 146 3554
788 113 3516
784 224 3568 3587
789 317 3537 3554 3586
798 16 3568
808 4 3557
813 272 3520 3537 3557 3580 3587
822 11 3537
826 249 3506 3516
825 165 3537 3548 3562 3568 3587
838 36 3516 3548
2740 28 3520
3375 43 3516 3520 3557 3562
3377 4 3587
2746 25 3562
2747 79 3516 3529 3568 3576 3580
3374 4 3516
3379 19 3516
3378 41 3562
3380 42 3506 3516 3520
3394 156 3516 3529 3537 3541 3548 3562 3568
3384 3 3580
3392 33 3529 3555
2775 35 3568
3406 4 3541
3036 7 3516 3592
3402 122 3516 3537
3404 89 3529 3548 3586 3587
3390 60 3537
2544 11 3568
2790 173 3516 3520 3537 3548 3549 3555 3576 3580
2811 19 3562
2804 16 3537 3580 3587
2654 104 3529 3537 3541 3556 3562 3567
3447 271 3537
2819 18 3516 3548
3439 88 3516 3538 3548 3556 3567 3587
3449 314 3537 3557
3450 27 3557
3453 319 3537 3557 3568
2831 39 3529
3455 68 3537
3452 131 3537 3586
3458 69 3520 3529 3537 3586
3454 148 3537 3557 3568
2832 50 3568
3457 166 3537 3541 3547 3555 3568
2838 21 3516 3587
3456 241 3537 3568
3461 101 3557
3462 54 3557
3470 21 3580 3587
3469 23 3529 3567 3587
3477 53 3506 3529 3557 3587
3479 102 3537 3538 3568 3580 3587
3480 18 3541
3481 17 3538
2859 139 3557 3562 3568
3478 42 3586
3496 10 3562
2872 87 3557 3562
2871 282 3537 3557 3562 3568
3498 114 3586
3515 3 3516 3538 3587
3512 9 3516
3513 4 3516
3522 71 3529 3554 3557
3519 48 3529 3568
3523 28 3520 3529
3525 16 3529 3541
3521 29 3529 3568
3526 6 3529
3532 5 3548
3527 64 3529 3576
3536 6 3520
3541 81 3562 3576
3543 3 3548
3556 14 3541
2923 35 3516 3537 3568
3553 8 3587
3555 14 3537
2932 62 3537 3557 3568
3561 4 3562
3562 40 3537 3541 3580
2939 7 3529
2935 36 3537
3579 2 3580
2940 123 3557
3568 147 3537 3557 3562
2941 11 3549
3569 42 3537 3541 3557 3580
3583 4 3587
3578 2 3580
3585 2 3587
2958 47 3516
3586 156 3587
3591 13 3568
2972 357 3537 3557 3562 3568
2967 238 3520 3529 3538 3562 3568 3580 3587
3595 2 3537
2968 55 3516 3557 3562
2974 15 3562
2986 3 3537
2988 55 3537
3614 205 3537 3554 3557 3562 3568 3586
3615 144 3541 3557 3562 3568
2991 7 3562
3624 64 3568
2995 10 3537 3567
3625 4 3520
3629 4 3537
3000 43 3568
3633 48 3557 3576
3009 51 3547
3630 32 3562
3631 91 3562 3568
3639 12 3537
3010 123 3520 3529 3537 3549 3557 3580 3587
3635 63 3562 3568
