2111 4 1688
2118 113 1633 1646
2120 122 1608 1621
2130 8 1646
2133 129 1608 1621 1637 1646 1653
2135 146 1633
2145 145 1608 1637 1653 1679
2156 41 1608 1621 1678
2169 32 1621
2171 16 1679
2172 29 1608
2174 65 1621
2206 14 1608
2209 31 1633 1646 1653
2223 15 1613
2231 66 1608 1637
2230 49 1608 1633
5606 28 1648
2240 108 1608 1633
2229 143 1679
2233 36 1608
2236 75 1679
2237 241 1633 1637 1688
2241 14 1621
2249 38 1608
2256 247 1608 1637 1646 1653
2251 25 1679
2258 95 1648
2264 58 1653
2274 48 1608
2286 6 1621
2285 17 1633 1679
2297 164 1633
5691 49 1648
5697 230 1648
2323 111 1633
2322 19 1621
2326 252 1621 1633 1688
2328 215 1608 1621 1637 1646 1653
2272 31 1633 1653
2364 14 1679
2360 3 1621
2359 2 1621
2375 49 1608 1637 1653 1688
2381 71 1680
2379 45 1688
2387 66 1648 1680
5787 32 1648
2407 4 1608
2411 141 1633 1680
2416 37 1633
5819 61 1648
9 81 1618 1652
6 302 1610 1619 1641 1648 1652 1654 1657 1662 1669 1679 1689 1692
11 743 1608 1610 1613 1619 1621 1622 1628 1629 1633 1637 1638 1641 1646 1648 1649 1652 1653 1654 1657 1658 1661 1662 1669 1672 1679 1680 1687 1688 1689 1692 1697
12 65 1629 1638
16 15 1672
20 187 1604 1680 1692
23 74 1638
24 309 1608 1622 1633 1641 1646 1658 1669 1697
28 133 1604 1608 1638
36 227 1608 1621
42 89 1604
47 146 1603
58 38 1697
59 94 1604 1633
72 164 1621 1622 1637
78 41 1652 1654 1662
89 29 1612
86 122 1672
71 109 1636
87 195 1604
90 72 1628 1637 1638
103 68 1669
68 275 1633 1637 1646 1680 1688
109 190 1622 1628 1679
122 213 1637 1653
113 89 1633
128 80 1613 1669
132 29 1633
136 99 1622 1633
142 25 1648 1661
145 18 1633
147 58 1678
151 74 1633 1638 1648 1649 1652 1654 1661 1662
154 61 1628
172 123 1633 1679
161 32 1633
173 334 1603 1604 1613 1618 1619 1621 1628 1629 1633 1638 1641 1649 1652 1654 1658 1661 1662 1672 1689 1692 1697
171 70 1619 1638 1689 1692
74 69 1633
176 39 1603
180 54 1622
185 4 1679
187 37 1638
199 17 1603 1633 1662
204 12 1608
4756 34 1680
4818 28 1680
4824 101 1648
4829 78 1680
4859 30 1680
4899 169 1648 1680
4909 2 1648
4948 214 1680
4966 25 1680
4967 361 1648
5002 115 1680
5006 28 1680
5020 139 1680
5079 271 1680
5106 33 1680
546 142 1621 1658 1680 1697
560 8 1638
575 3 1662
582 34 1688
584 5 1600 1638
600 214 1633 1661
613 2 1638
634 150 1688 1689
635 66 1621
650 98 1608
663 158 1603 1661 1688
689 47 1613
686 83 1600 1603 1658
695 118 1603 1638 1657 1687
691 24 1622
704 81 1603 1633
706 95 1636 1649 1652 1654 1661 1662 1669 1672 1680
712 19 1603 1604 1622 1697
707 123 1600 1603 1608 1621 1661 1662
710 105 1633 1648
715 23 1637
722 264 1603 1612 1633 1637 1641 1646 1669
749 66 1629 1637
697 100 1636
759 77 1697
763 68 1633
766 773 1608 1621 1622 1633 1646 1653 1680 1688
762 50 1697
769 146 1604 1629 1633 1637 1652
771 7 1641
794 18 1633 1638
784 224 1610 1622 1633 1652 1654 1662 1679 1688
789 317 1633 1638 1646 1653 1657 1658 1678 1680
791 41 1633
795 60 1603 1653 1692
810 34 1679
798 16 1648
816 29 1648 1697
805 90 1603 1604 1628 1633 1658
813 272 1603 1608 1646 1653 1658 1661
826 249 1600 1604 1613 1618 1619 1622 1633 1636 1638 1641 1653 1661 1672 1679 1680 1687
836 26 1621
825 165 1680
844 45 1629
841 61 1653 1680
2740 28 1637 1646 1653
2744 39 1637
3379 19 1633
2757 5 1653
3394 156 1633 1688
2765 29 1646
3388 15 1633
3391 4 1633
2768 40 1646
3389 2 1633
3392 33 1633
3393 10 1633
2775 35 1633
3402 122 1688
3404 89 1688
2790 173 1633
3417 30 1688
2815 11 1633
2654 104 1679
3448 3 1688
3447 271 1688
2819 18 1633
2758 2 1679
3449 314 1648 1680 1688
3450 27 1688
3453 319 1680 1688
3455 68 1680
3452 131 1688
3454 148 1688
3457 166 1688
2838 21 1633
3456 241 1688
3463 56 1688
2872 87 1679
2871 282 1679 1680 1688
2524 7 1688
2900 29 1633
2903 8 1679
3556 14 1680
2932 62 1648 1688
2939 7 1633
2940 123 1633
3568 147 1688
2953 10 1688
2972 357 1680 1688
2967 238 1688
2968 55 1633 1679
3614 205 1648
3615 144 1688
2999 7 1633
3000 43 1633
3010 123 1633
