5487 30 5994
2135 146 5963
2145 145 5902
5524 389 5902 5922 5932 5933 5947 5998
7417 2 5902
5531 243 5947 5963 5994
5534 14 5991
5543 137 5925 5947 5998
5550 11 5998
5551 8 5963
7449 39 5902
5553 46 5963
5577 8 5963
5582 105 5922 5932 5998
5596 30 5991
7484 3 5902
7490 27 5969
2231 66 5963
5606 28 5969
5396 12 5947
5624 28 5928 5994
5640 2 5963
2258 95 5925 5947 5963
5644 21 5936
2274 48 5936
2276 32 5963 5969 5973
5655 139 5932 5950 5972
5658 10 5936
5668 4 5963
5667 5 5969
5662 4 5963
5684 18 5936 5947
2295 2 5963
5692 21 5922 5998
5702 10 5963
5697 230 5925 5926 5928 5932 5947 5963 5969 5991 5994 5998
5707 4 5925
5705 3 5947
5709 11 5950
2328 215 5902
5739 45 5947
5741 13 5936
7691 19 5933
2369 189 5902 5963 5977
5770 6 5963
5776 14 5998
5783 23 5928 5936 5994
5773 75 5922 5932
5775 42 5902
2387 66 5925 5936 5994
5796 191 5902 5928 5936
5787 32 5928 5947 5963 5972
5800 222 5932 5933 5998
7744 50 5933
5802 385 5902 5932 5980 5998
5804 33 5928 5956 5973
5811 79 5902 5950
5806 83 5902
5805 16 5980
5807 27 5922
2410 34 5994
5809 21 5936 5977 5980 5994
5814 144 5902 5932 5950 5973 5998
5816 84 5902
5817 75 5922 5950 5963 5973
7769 19 5933
5822 98 5902 5980 5998
7770 2 5933
47 146 5922
53 39 5998
29 150 5922
86 122 5936
87 195 5963
68 275 5902 5922 5925 5933 5936 5972 5994
109 190 5902 5933
122 213 5936 5947
113 89 5936
127 132 5928
136 99 5936 5950 5980
4748 38 5991
4764 53 5947
4792 62 5969
4824 101 5902 5925 5947 5991
4829 78 5933
4894 79 5969 5972
4899 169 5925 5947 5963
4948 214 5925
4964 60 5969
4967 361 5922 5925 5926 5928 5932 5936 5947 5955 5969 5972 5991 5994 5998
4981 53 5947
4988 23 5994
4864 4 5902
5002 115 5925
5008 27 5928 5973 5977 5980
5016 10 5950
5022 172 5936 5947 5950 5963 5973 5977
5020 139 5936 5963
5038 5 5928
5053 52 5933
5059 26 5922 5932
5061 13 5950
5079 271 5902 5947 5950
5106 33 5922 5925
634 150 5922 5925 5936 5994
722 264 5928
737 232 5902 5922 5950
766 773 5925 5932 5933 5947 5950 5998
762 50 5902
789 317 5936 5994
791 41 5902 5991
813 272 5925
825 165 5963
2744 39 5936 5973 5994
3381 180 5902 5922 5932 5998
2765 29 5973
3393 10 5998
3404 89 5947 5994
3447 271 5932 5973 5998
3445 21 5947 5963
2822 43 5928 5963
3449 314 5925 5928 5936 5947 5973 5994
3453 319 5991
2831 39 5928
3452 131 5947 5963 5994
3458 69 5947 5963
3456 241 5902 5947
3459 92 5950 5980
2851 44 5922
3479 102 5963
3478 42 5994
3498 114 5902 5936 5991 5994
2883 28 5947
3522 71 5902 5963 5994
2889 14 5925
2909 57 5969
2936 8 5902
2940 123 5950 5969
3568 147 5928
3586 156 5902 5972 5980
2972 357 5969 5977 5980 5991
3614 205 5922 5925 5947
3624 64 5980
