2114 39 3970
2118 113 3939
7378 38 3962
2129 44 3903 3958
7387 4 3962
7390 24 3962
7405 18 3962
2145 145 3903
5524 389 3919 3962
5532 26 3976
5531 243 3919 3969 3976
5534 14 3976
5193 18 3919
2174 65 3903
5543 137 3962
7443 10 3962
7449 39 3962
2186 61 3969
2231 66 3976
2240 108 3962 3976
5612 66 3958 3962
2237 241 3903 3956 3958 3970
5617 22 3976
2256 247 3973 3980
2252 22 3946 3970
5624 28 3922
5640 2 3976
2258 95 3970
5644 21 3976
2264 58 3926 3937 3942 3958
5655 139 3976
7578 28 3962
5647 8 3976
2290 120 3903 3946 3970 3973 3980
5675 8 3958
7598 33 3962
2297 164 3926 3946 3976
5684 18 3976
5686 3 3962
2299 67 3903
5691 49 3922
7614 39 3962
5697 230 3919 3976
5709 11 3919
2323 111 3926 3937 3942 3946
2326 252 3903 3921 3926 3933 3937 3967 3970 3976
2328 215 3903 3926 3970
7659 6 3962
5739 45 3919 3976
7691 19 3962
2365 77 3958
2369 189 3910 3976
7697 19 3962
2384 72 3976
2381 71 3976
7727 30 3962
7733 45 3962
2387 66 3910 3958
5800 222 3962
2398 62 3903 3926 3937 3970 3976
7744 50 3962
5802 385 3919 3962 3969
2410 34 3962
5814 144 3919 3962
2411 141 3967
5817 75 3976
7769 19 3962
7768 11 3962
5819 61 3922
5822 98 3919 3962
11 743 3903 3926 3937 3956 3958 3967 3970
24 309 3903 3910
37 20 3976
47 146 3946
72 164 3970
89 29 3921 3974
86 122 3970
71 109 3970
87 195 3912 3962
90 72 3958
68 275 3946 3949 3958 3980
109 190 3962
122 213 3903 3926 3958 3970 3976
113 89 3926
127 132 3976
136 99 3919
147 58 3970
151 74 3970
173 334 3910 3976
166 93 3946
4756 34 3958 3976
4748 38 3910 3976
4760 7 3911
4792 62 3962
4824 101 3958
4829 78 3910 3962
4899 169 3910
4926 7 3962
4943 31 3962
4948 214 3910 3976
4964 60 3910
4967 361 3910 3919 3958
4976 23 3976
4981 53 3962
5022 172 3919 3922
5029 26 3910
5028 43 3962
5020 139 3910 3919 3976
5053 52 3969
5079 271 3919 3976
546 142 3946
582 34 3956
600 214 3962
663 158 3910 3962
689 47 3926
688 5 3967
695 118 3976
722 264 3958
737 232 3919
749 66 3970
697 100 3970
763 68 3976
766 773 3910 3956 3958 3962 3969 3976
762 50 3976
788 113 3946 3971 3976
784 224 3976
816 29 3922
813 272 3967 3976
825 165 3908 3910 3926 3946 3969 3970 3976
840 7 3962
841 61 3914
3375 43 3903 3974
3381 180 3969
3394 156 3903 3914 3922 3926 3942 3958 3974
3392 33 3910 3967 3970 3980
2774 46 3976
3402 122 3910 3946 3956 3958 3962
3404 89 3903 3910 3922
3390 60 3910 3958
2790 173 3914 3921 3946 3958 3967 3970 3980
2792 18 3976
3417 30 3910
3435 4 3999
3441 2 3946
2654 104 3922 3926 3973
3447 271 3910 3911 3958
2819 18 3903
3451 98 3912 3956 3958
3449 314 3910 3958 3976
3450 27 3956 3958 3976
3453 319 3910 3911 3956 3958
2831 39 3958
3455 68 3911 3958
3452 131 3910 3958
2833 7 3969
3458 69 3903 3976
3454 148 3912 3922 3926 3937 3956 3958 3976
3457 166 3946 3970 3973
3456 241 3910 3958
3461 101 3956
3459 92 3910 3976
3463 56 3958
3462 54 3956 3958
3466 17 3969
3477 53 3937 3946 3967 3970 3971 3973 3980
3479 102 3958
3481 17 3914
2859 139 3903 3914 3921 3922 3933 3937 3942 3946 3973 3976 3980
3478 42 3958
3488 16 3967
2872 87 3903 3926 3937 3946 3967 3970 3973
2871 282 3903 3926 3937 3946 3949 3967 3970
3498 114 3910 3969
2524 7 3946
3522 71 3910 3976
3521 29 3969
3527 64 3903 3926 3933 3937 3946 3967
2903 8 3956
3544 7 3937
3541 81 3903 3922 3926 3933 3937 3942 3967
2909 57 3910 3976
2932 62 3969 3976
3562 40 3970
2935 36 3958
3568 147 3910 3946 3949 3970 3973
2941 11 3970
3576 4 3970
3569 42 3926 3937 3946
2951 19 3976
2958 47 3903
3586 156 3962
2972 357 3903 3910 3919 3926 3946 3956 3958 3967 3973
2967 238 3903 3912 3956 3958 3976
3601 52 3958
3614 205 3910 3921 3958
3615 144 3903 3910 3926 3933 3937 3946 3956 3967 3969 3970 3980 3999
3622 22 3903
3007 15 3903 3914
3624 64 3999
3000 43 3919
3633 48 3926 3933 3946
3630 32 3946 3973
3631 91 3910 3914 3937 3946 3967 3973
3010 123 3903 3937
3635 63 3926 3933 3937 3967 3970 3980
3634 82 3976
