7352 15 6980
5479 28 6948
5485 21 6914
5487 30 6914
2120 122 6980
7378 38 6918 6946 6980
7391 52 6993
7405 18 6946 6980
2145 145 6901
5524 389 6901 6907 6913 6914 6918 6930 6934 6945 6946 6955 6976 6979 6980 6993
5531 243 6901 6907 6913 6930 6933 6946
7425 7 6946
5543 137 6901 6930 6945 6953 6955 6979 6982
5550 11 6946
2186 61 6913
7452 3 6914
5553 46 6914 6930 6979
2192 5 6914
7180 4 6914
5580 2 6924
5582 105 6913 6955 6976
4532 8 6979
7490 27 6934 6993
5604 7 6945
2240 108 6913
5612 66 6948 6979
7471 9 6914
7511 16 6946
2249 38 6913 6976
5630 36 6901 6930
5646 2 6953
7564 31 6934 6946
7415 6 6914
7150 10 6914
5655 139 6923 6976 6994
5658 10 6980
7578 28 6918 6946 6979
7579 9 6914
7580 19 6934
5671 3 6979
7598 33 6914 6934
2297 164 6914 6979
5692 21 6913
7614 39 6914
5697 230 6901 6930 6955 6979 6994
2330 2 6914
5714 44 6930
7647 4 6934
7649 10 6979
7659 6 6934
5739 45 6901 6934
7666 14 6924 6946 6980
7675 25 6946
7682 36 6914 6946 6979
7701 3 6980
7691 19 6946
2369 189 6955
7697 19 6980
5773 75 6913 6914 6934 6955 6976 6982
5775 42 6914 6934 6946
7719 4 6914
7727 30 6946 6979
7733 45 6914 6946 6979
5796 191 6901 6913 6934 6953 6955 6976 6980
7741 4 6980
5800 222 6907 6913 6914 6918 6924 6934 6938 6946 6950 6953 6967 6976 6979 6980 6982 6993 6994
7744 50 6914 6918 6979
7743 13 6914 6980
5802 385 6901 6907 6913 6914 6934 6938 6942 6945 6946 6948 6953 6955 6967 6976 6979 6980 6993 6994
5804 33 6914
5811 79 6901 6930 6934 6945 6950 6953 6979 6994
7747 8 6993
5806 83 6907 6923 6980
5814 144 6913 6914 6917 6924 6946 6967 6979 6980 6982 6987
5812 41 6901 6979
5810 29 6907
5816 84 6948 6955
5817 75 6953 6955 6976 6979 6980
5819 61 6980
5822 98 6913 6923 6934
6 302 6965
24 309 6948 6955
36 227 6955
29 150 6913 6946
72 164 6979
86 122 6914 6930
71 109 6914
87 195 6930
99 24 6918
103 68 6946 6967
68 275 6914
109 190 6901 6913 6914 6934 6946 6951 6955 6979 6980
136 99 6913 6938 6953 6997
143 94 6979
155 28 6923 6993
173 334 6994
166 93 6945 6948
4764 53 6901
4792 62 6938
4824 101 6913 6976
4879 28 6907
4899 169 6946
4924 10 6913
4943 31 6913 6914 6976 6980
4948 214 6907 6914 6946
4967 361 6901 6920 6930 6945 6946 6950 6955 6976
4974 44 6913
4981 53 6979
4988 23 6918
4989 7 6946
5002 115 6914 6946 6948 6979 6980
5016 10 6914
5022 172 6930 6933 6934 6938 6945 6948 6953 6955 6979
5028 43 6907
5020 139 6994
5053 52 6907 6934 6955 6980
5059 26 6913 6946
5079 271 6913 6934 6946 6948 6976
5106 33 6980
583 26 6914
600 214 6946
643 46 6934
691 24 6930
727 32 6913
737 232 6913 6917 6924 6930 6933 6934 6945 6946 6948 6953 6976 6979 6993 6994
766 773 6901 6907 6930 6934 6946 6976 6980
791 41 6914
3378 41 6934
3381 180 6901 6907 6913 6918 6930 6934 6945 6948 6955 6976
3380 42 6918 6946
2790 173 6945 6953
3447 271 6907 6913 6914 6920 6934 6946 6953 6955 6979 6997
3439 88 6930
3453 319 6979
2831 39 6913
3457 166 6914
3456 241 6907
2851 44 6955 6980
2855 16 6979
3478 42 6918
3498 114 6918
3527 64 6994
3586 156 6907 6913 6914 6930 6934 6942 6976 6979
2972 357 6930 6942 6946 6955 6982 6994
3600 12 6946
3631 91 6918
