138 72 600 637 656 659 663 668 673 681
2229 143 633
2236 75 633
2237 241 608
2297 164 608
2323 111 608
2326 252 608
2332 36 633
25 90 600 604 611 645 650 659 664 667 673 675 696
9 81 611 626 658 664
3 23 604 611
4 29 606 611 645 650 659
8 182 600 604 606 607 609 611 613 616 617 622 624 627 628 631 636 637 645 650 656 657 658 659 664 665 667 668 673 674 675 677 681 687
6 302 600 604 609 611 613 616 617 619 643 656 659 665 668 673 691 694
10 86 600 609 617 619 622 627 628 631 636 656 657 658 659 664 665 667 668 673 675 681
11 743 600 607 608 609 611 613 617 622 624 627 628 631 636 637 643 644 647 658 659 664 667 668 673 674 675 677 681 684 687 694
12 65 609 631 644 663 668 675 677 697
15 50 600 667
16 15 637
14 114 609 611 613 616 617 619 626 631 650 656 665
21 76 611 613 637 656 657 664 667
17 45 624 656 658 667 675
18 12 643
20 187 600 606 609 611 624 626 631 636 650 656 657 658 667 673 675 677 681 697
23 74 601 616 617 656 664 667 670 673 674
24 309 600 626 633 636 643 644 647 663 667 681 696 697
28 133 600 613 616 627 631 636 645 656 658 659 667 670 673 675 677 681 687
35 65 644 647
37 20 608 609 656
36 227 600 626 636 637 643 644 656 663 665 667 681 697
38 14 609
39 41 611 613 628 631 659
26 95 636 673 675 681 684 687
41 30 681
46 59 609 624 656 664 681
42 89 656 658
51 24 609 611 656
47 146 609 644 656 664 667 675
48 21 664
56 24 622
49 15 664
29 150 600 604 611 627 656 659 665 667 668 670 673 674 677 681 684
55 64 673 682 696 697
59 94 600 643
62 17 606 607 609 611
57 13 656 673 675
27 102 604 606 609 613 616 624 627 628 631 636 645 656 664 667 668 670 673 681 684 687
72 164 600 636 637 659 663 667 697
66 44 600 607 665
75 31 600
79 53 600 637 659 697
78 41 659
77 25 604 624 644
80 59 600 619 631 636 643 656 657 658 664 675 681 684
89 29 682
86 122 600 626 674 696
71 109 600 631
87 195 600 608 647 656 658 667 696
90 72 600 644
94 80 613 616 628 631 656 659 663 668
98 8 664
103 68 600 656 657 665 667 681 687
104 30 664 667
68 275 608 650
105 3 677
130 13 650 656 657
111 29 600 611 636 668
110 95 613 616 617 622 643 656 658 665 667 670 674 677 682
122 213 608
121 9 659
113 89 686
126 25 696 697
127 132 601 607 616 650 656
134 2 601
132 29 656
135 7 656
140 30 606
142 25 682
139 37 611 681
143 94 633 644 647 697
145 18 626
147 58 682
151 74 637 643 659 663 682
154 61 609 617 636
152 21 656 665 667 677
157 44 626 663 696 697
161 32 677
168 9 663
173 334 600 626 644 647 665 691 697
171 70 644 663
74 69 626 637 643 665 682
176 39 647
177 19 677
178 63 600 606 616 673
180 54 677
179 17 673
166 93 647 659 673
182 79 600 644 647 650 656 659 667 694
187 37 600 601 657 658 664
201 21 681
204 12 611
4813 46 608
4824 101 608
4899 169 608
4948 214 608
4967 361 608
4982 43 608
4988 23 608
5008 27 608
5029 26 608
545 24 644 647
546 142 665
553 22 600 626
556 121 600 611 617 624 626 627 628 631 643 645 650 656 657 658 659 665 667 668 675 686 697
564 15 604 656 673
574 5 673
579 4 626
583 26 628 633
586 13 616 667 673 677
584 5 604
601 9 600
592 12 606 611 619 624 628 657
591 2 673
606 3 607 611
604 8 600 636
600 214 601 626 637 647 665 677
614 10 600 616 659 682
608 3 609
495 6 622 665
615 35 616 617 622 624 627 628 636 645 650 656 657 664 668 673 675 677 684 687 694
618 11 600 619 673
620 14 622 628 643 673
624 2 627 628
625 3 624
633 55 600 626 636 644 656
626 31 600 627 673
634 150 608 626 644 647 686 697
647 32 600 626
635 66 600 643 656 659 665
636 11 663
640 4 644
643 46 600 673
641 2 686
642 3 656 657
644 27 636 677
649 40 600 643 650 659 673
650 98 637 657 663 667 677 682
645 16 659
653 2 656
651 2 656
658 6 664 667
652 2 656
661 2 658
662 2 658
665 7 667
666 2 665 667
663 158 600 618 636 637 643 664 667 675 677 682 684 696 697
667 19 665
639 31 668 674 696
674 16 675
689 47 644
682 3 636 684
686 83 644 663 687
699 8 647
695 118 600 691
691 24 696
704 81 647 663 673
705 28 674
706 95 600 626 659 663
707 123 626 663 682 696 697
708 51 696
710 105 644 663 686 697
715 23 644 647
722 264 608 637 643
728 5 600
727 32 665
730 34 600 696
737 232 659
749 66 600 697
742 93 643 659 663 682 697
697 100 600 643 663 665 682 691 696
321 27 696
759 77 600 626 643 659
763 68 637 665
764 34 600
770 3 600
766 773 600 608 633 644 659 673
762 50 600 626 644 659 663 691 697
768 2 600
769 146 600 626
772 3 600
771 7 600 626
781 8 673
788 113 643 644 696 697
782 9 659 673 677
784 224 647 663 665 697
789 317 608 637 663 673 697
791 41 647
795 60 643
796 6 644
810 34 647
797 5 644
816 29 644
801 6 659 665
803 6 659
805 90 644
813 272 608 691
334 41 643 697
823 15 626 677 686 697
826 249 633 665
836 26 665
824 2 677
838 36 643
844 45 637 663 682
3402 122 608
2790 173 633
3449 314 608
3453 319 608
3454 148 608
3457 166 608
3456 241 608
2859 139 608
3488 16 608
2872 87 608
2871 282 608 633
3498 114 608
3527 64 608
3568 147 608
2964 70 633
2972 357 608
3614 205 608
3633 48 608
3010 123 608
3635 63 608
