2120 122 7277
7379 7 7237
7378 38 7225 7277
7380 3 7279
7357 9 7233
7386 25 7280
7390 24 7225 7280
7391 52 7233 7237
7400 15 7225
2145 145 7279
5524 389 7214 7225 7233 7237 7277 7279 7280 7295
7421 9 7238 7279
7393 12 7225
7413 2 7279
5531 243 7279
5543 137 7279
7443 10 7280
7449 39 7277 7279
7455 4 7237
5582 105 7214
7490 27 7280
7493 4 7225
7471 9 7237
5616 15 7214
7376 4 7237
2249 38 7295
7415 6 7225
7150 10 7280
5655 139 7214 7222 7237 7243 7246 7254 7257 7262 7273 7279 7289
7580 19 7225
7597 4 7225
7593 3 7225
7598 33 7225
7594 4 7225
5697 230 7214
2323 111 7277
7661 4 7280
7676 5 7238
7666 14 7277
5741 13 7295
7677 12 7238
7679 26 7238 7277 7280
5761 9 7279
2369 189 7214 7238 7279
7697 19 7277
5776 14 7237
5775 42 7277
7727 30 7233 7238
5796 191 7225 7279
5800 222 7201 7214 7238 7262 7277 7280 7295
7738 6 7277
7744 50 7238
5802 385 7214 7225 7233 7237 7246 7277 7279 7280 7295
5804 33 7204 7243
5811 79 7254 7295
7747 8 7277
7755 13 7277
5806 83 7225 7279 7295
5814 144 7225 7233 7237 7280
5810 29 7237
5816 84 7279
7767 2 7277 7280
5820 20 7280
5817 75 7295
5819 61 7238
5822 98 7225 7237 7238 7295
36 227 7289
29 150 7295
72 164 7279
68 275 7233
109 190 7225 7280
199 17 7279
4764 53 7233 7279
4771 3 7277
4792 62 7280
4814 20 7295
4879 28 7279
4948 214 7233 7238 7279
4964 60 7204 7214 7243
4967 361 7214
4992 4 7279
5059 26 7289 7290
5079 271 7238 7295
5106 33 7280 7297
737 232 7225 7233 7279 7295
742 93 7214 7225 7277
766 773 7214 7237 7238 7277 7280
825 165 7250
3381 180 7214 7237 7279 7280 7295
3447 271 7222 7262 7290
3453 319 7225 7238
3457 166 7237
3456 241 7214 7225
3522 71 7225
3527 64 7214
2940 123 7254 7277
3586 156 7237
3600 12 7279
