7350 21 7726
7352 15 7740
7378 38 7757 7795
7386 25 7791
7391 52 7726
7405 18 7763
2145 145 7757
5524 389 7707 7726 7740 7757 7763 7788 7795
7449 39 7740
7511 16 7707
7544 11 7788
7570 3 7778
5655 139 7730 7734 7763
5658 10 7726
7579 9 7788 7795
7586 7 7757 7763
7614 39 7707 7726 7795
5738 14 7740
7661 4 7757
7666 14 7701
7675 25 7778
7685 13 7757
7691 19 7778
7696 4 7707
7697 19 7734 7740 7763
7706 2 7707
7703 2 7707
5776 14 7701
7719 4 7763
7727 30 7726
7733 45 7734 7791
5796 191 7757
7728 2 7726 7763
7741 4 7757 7763
7736 2 7757
5800 222 7726 7763 7795
7738 6 7795
7744 50 7740
7743 13 7757
5802 385 7707 7726 7757 7763 7778 7788 7795
7747 8 7795
7755 13 7757
5806 83 7730 7734 7735 7788
7750 2 7757
7752 2 7757
7753 2 7757
5814 144 7757 7795
7759 4 7763
7756 2 7757
5820 20 7707 7757 7763 7788
7766 13 7788
7771 3 7778
5818 67 7791
20 187 7726
68 275 7795
109 190 7757 7763 7788
155 28 7701
199 17 7795
4792 62 7788
4948 214 7726 7778
5002 115 7763
737 232 7730 7778 7799
749 66 7778
742 93 7707 7795
766 773 7707 7726 7757 7763 7778 7788 7795
3381 180 7726 7757 7788
2774 46 7795
3449 314 7757
3498 114 7726
3521 29 7757
3587 15 7708
3586 156 7726 7795
2972 357 7734
2983 28 7791
