7350 21 7809
7352 15 7809
5479 28 7809
5489 12 7890
5487 30 7839
2120 122 7839
7378 38 7803 7813
7386 25 7803 7809 7813 7833 7857 7882
7387 4 7809
7390 24 7809
7391 52 7809 7835 7862
7405 18 7835
5524 389 7809 7810 7833 7835 7839 7855 7860 7862 7871 7874 7879 7882 7890 7899
7409 10 7839
7393 12 7840
7443 10 7809 7882
7449 39 7839
5553 46 7813
5563 2 7882
2192 5 7803
7180 4 7803
2196 3 7890
4532 8 7862
2226 28 7890
5605 11 7862
7511 16 7810 7813 7890
2258 95 7810
7544 11 7813
7564 31 7860
2276 32 7839
5655 139 7839
7578 28 7833 7855
7586 7 7809
7598 33 7809 7862 7890
7609 2 7839
7614 39 7809 7819 7874 7879
5702 10 7855
5697 230 7810
7050 5 7839
7625 6 7803
7659 6 7855
7665 6 7810
7679 26 7809 7813 7855
7682 36 7839 7862 7874 7881
7691 19 7835 7855 7862 7871
7696 4 7810
2369 189 7810 7839 7855 7860 7862 7871
7697 19 7803 7809
5773 75 7839 7855 7890
5775 42 7813 7835 7855 7862 7871 7874 7882 7890
7726 3 7809
7727 30 7835 7871
7733 45 7809 7810 7833 7839 7862
5796 191 7871
5800 222 7809 7810 7833 7874 7882
7738 6 7839
7744 50 7803 7809 7810 7890
5802 385 7809 7813 7819 7839 7855 7860 7862 7879 7882 7890
5804 33 7862 7874
7747 8 7809
7755 13 7803
5806 83 7809 7857 7882
2410 34 7839
5814 144 7809 7833 7835 7857 7860 7874
5810 29 7809
5816 84 7809
5820 20 7809 7839
7766 13 7803 7809 7855 7862 7871
7769 19 7871 7879 7882 7890
7768 11 7879 7882 7890
5819 61 7833
5822 98 7809 7813 7833 7835
15 50 7871
71 109 7809
99 24 7803
68 275 7839
109 190 7809 7810
110 95 7855 7862
113 89 7809 7839
173 334 7809 7813
4786 3 7879
4788 20 7857 7879
4789 2 7879
4792 62 7809 7899
4889 2 7809
4884 4 7882
4899 169 7809 7810 7860 7890
4944 4 7839
4948 214 7810 7833 7855 7860 7862 7871 7882 7890
4974 44 7803
4981 53 7833 7862 7879 7882
4983 4 7860 7862
4994 19 7803 7809 7813
5002 115 7809
5010 4 7857
5016 10 7890
5037 18 7871
5028 43 7809
5051 8 7855 7862 7890
5053 52 7871 7890
5079 271 7810 7839
5106 33 7803
646 17 7862
663 158 7809
695 118 7809
737 232 7803 7819 7839 7874
742 93 7803 7809
697 100 7809
763 68 7813 7862
766 773 7809 7813 7855 7860 7862 7871 7879 7882 7890
762 50 7809
791 41 7899
805 90 7862
825 165 7809 7839
3381 180 7899
3380 42 7809
3404 89 7833
3447 271 7813 7833
3458 69 7855
3460 22 7855 7879
3459 92 7809
2851 44 7871
3498 114 7882
2524 7 7803
3499 3 7803
2907 6 7809
3545 2 7890
3554 6 7839
3586 156 7809 7835 7874
2983 28 7810 7833
