5484 22 3755
2118 113 3752
2129 44 3724
2133 129 3755
2135 146 3724 3748 3787 3792
2144 23 3720
2145 145 3787
2156 41 3745
5524 389 3726 3752 3792
2160 26 3776
5531 243 3792
5543 137 3792
7449 39 3752
5553 46 3792
2217 11 3785 3787
2215 15 3792
2223 15 3720
2225 34 3755
5608 16 3755
2240 108 3796
2237 241 3748
7511 16 3752
5620 7 3755
5617 22 3755
5396 12 3755
2249 38 3726
2256 247 3720 3737 3769 3776 3785 3787
2252 22 3745
2257 49 3796
2290 120 3717 3720 3737 3745 3769 3772
5671 3 3770
7598 33 3752
2297 164 3770
2298 48 3724
7605 3 3752
7614 39 3752
5702 10 3726
5697 230 3792
2323 111 3724
5714 44 3792
2326 252 3717 3720 3745 3769 3787
2328 215 3713 3769
5739 45 3792
7675 25 3770
2357 12 3755
7691 19 3752
2371 124 3748 3796
2369 189 3755 3796
2384 72 3787 3796
2375 49 3724
2376 26 3755
5775 42 3752
2381 71 3720
2379 45 3772 3787
2387 66 3724 3796
5796 191 3792
5800 222 3792
2398 62 3720
7744 50 3770
5802 385 3726 3752
5811 79 3726
5814 144 3770
2411 141 3772
5816 84 3726 3792
7769 19 3752
7768 11 3752
5818 67 3792
25 90 3755
6 302 3755
11 743 3748 3755 3787
15 50 3755
20 187 3755
24 309 3748 3792
47 146 3720 3755
53 39 3717 3755
29 150 3717 3720
75 31 3755
109 190 3752 3792
122 213 3772 3776
127 132 3713 3769
132 29 3769
147 58 3787
178 63 3755
182 79 3787
4750 3 3748
4749 3 3748
4751 4 3748
4756 34 3755
4764 53 3796
4792 62 3796
4818 28 3796
4824 101 3755
4829 78 3792
4856 3 3755
4894 79 3796
4899 169 3796
4943 31 3726
4948 214 3752 3796
4964 60 3796
4967 361 3755 3792 3796
4974 44 3796
4981 53 3752
4982 43 3755 3796
5002 115 3796
5006 28 3796
5011 10 3796
5029 26 3796
5037 18 3796
5020 139 3755
5059 26 3726
5079 271 3755 3792 3796
5095 3 3792
559 4 3755
600 214 3755 3769
634 150 3755 3796
659 14 3755
664 13 3755
686 83 3755
688 5 3720
706 95 3755
722 264 3755 3796
737 232 3726 3792
763 68 3752
764 34 3755
766 773 3720 3724 3726 3748 3752 3769 3772 3776 3787 3792 3796
769 146 3755
781 8 3755
788 113 3755
784 224 3720 3755
789 317 3748 3755
810 34 3755
813 272 3713 3724 3748
822 11 3748
826 249 3755
825 165 3748 3796
2747 79 3769 3772 3776 3785
3378 41 3720
3381 180 3726 3792
3380 42 3769
3394 156 3737 3745 3769 3772 3776 3785
2760 23 3787
3392 33 3769
3393 10 3752
3402 122 3720 3724 3748
2778 22 3724
3404 89 3792
3390 60 3748 3796
2790 173 3785
3443 20 3720 3724
2654 104 3717 3769
3447 271 3752 3796
3449 314 3726 3748 3792 3796
3453 319 3748 3796
3455 68 3748
3452 131 3748 3796
3454 148 3724
3457 166 3726 3785
2834 5 3726
2838 21 3776
3456 241 3748 3792 3796
3461 101 3755 3796
3463 56 3748
2851 44 3796
3479 102 3748
3482 24 3769 3772
3481 17 3737
2859 139 3717 3724 3748
2872 87 3717 3720
2871 282 3717 3720 3748 3755 3796
3498 114 3755 3796
2883 28 3755
3518 6 3720
3519 48 3796
3523 28 3769 3776
3525 16 3772
3527 64 3772
3540 4 3717
2909 57 3726
2923 35 3724
2932 62 3724
3567 18 3717
2940 123 3769 3772 3792
3568 147 3720 3787 3796
3569 42 3720
3578 2 3708
3528 13 3737 3745
3586 156 3770
3593 26 3726
2972 357 3720 3748 3755 3796
2967 238 3717 3724 3748 3787 3796
3601 52 3748 3785
2968 55 3724
2974 15 3720
2985 4 3748
3611 22 3737 3769
2988 55 3772 3796
3614 205 3776 3796
3615 144 3720 3796
2991 7 3787
3633 48 3720
3009 51 3724
3631 91 3787
3010 123 3717 3769 3772 3776
3635 63 3787
3634 82 3755
