7350 21 6618
7386 25 6618
7391 52 6634
2145 145 6634
5524 389 6600 6613 6618 6624 6632 6634 6665 6699
5531 243 6600 6613 6632 6634 6665 6699
5543 137 6624
5551 8 6634
5553 46 6624 6634
5582 105 6613 6624 6634 6665 6699
5596 30 6668 6685
2226 28 6634
2240 108 6634
5612 66 6600
2237 241 6624
5624 28 6600
5630 36 6665
5655 139 6699
7578 28 6618
5692 21 6624 6634 6661
5696 50 6613 6634 6665
5697 230 6613 6624 6632 6634 6663 6665 6668 6699
7050 5 6634
7625 6 6634
2328 215 6665
5738 14 6624
5739 45 6624 6686
5741 13 6618
7675 25 6618
7679 26 6634
7685 13 6618 6634
5763 4 6699
2369 189 6632 6634 6665
7697 19 6634
5769 4 6634
2384 72 6624
5773 75 6624 6634
5771 9 6634
2381 71 6613 6665
7727 30 6634
7733 45 6618 6634
5796 191 6600 6665
5800 222 6618 6624 6628 6632 6634 6665
7744 50 6618 6634
5799 23 6618
5802 385 6600 6606 6613 6618 6624 6628 6632 6634 6663 6665 6686 6699
5804 33 6600 6634 6661
5811 79 6613 6624 6634
7755 13 6634
5806 83 6665 6686
5814 144 6618 6634 6665 6699
5812 41 6618
5810 29 6600
2417 7 6628
5816 84 6600 6624 6634
5817 75 6606
5819 61 6632
5822 98 6613 6632 6634 6663
5818 67 6613
6 302 6624
99 24 6634
103 68 6624 6665
68 275 6634 6682
109 190 6600 6665 6699
136 99 6628 6634 6670
143 94 6600 6634
155 28 6665
172 123 6634
163 9 6691
173 334 6606
4764 53 6665
4788 20 6618
4792 62 6634 6665
4829 78 6699
4879 28 6665
4894 79 6686
4926 7 6634
4948 214 6618 6634 6665
4964 60 6682
4967 361 6600 6606 6624 6632 6634 6661 6668 6682 6699
4974 44 6665
2346 4 6661
5002 115 6600 6618 6628 6665
5012 14 6613
5022 172 6600 6628 6632 6634 6661 6663 6665
5028 43 6665
5038 5 6632
5059 26 6634
5079 271 6618 6632 6665 6699
600 214 6613
663 158 6634
695 118 6634
737 232 6613 6618 6624 6628 6634 6663 6665
742 93 6624
766 773 6600 6624 6632 6665 6699
789 317 6606
825 165 6600 6628
840 7 6618
3381 180 6600 6624 6632 6634 6699
2811 19 6634
3447 271 6600 6606 6618 6634
3439 88 6600 6632 6634 6663 6699
3453 319 6606 6663 6699
3457 166 6686
3459 92 6606 6665 6699
3462 54 6632 6634
3466 17 6606
3522 71 6634
2905 4 6613
2940 123 6600 6682
3586 156 6613 6665 6680
2972 357 6600 6611 6632 6670 6699
2983 28 6618 6634
