5484 22 6124
5487 30 6161 6166
7380 3 6123
7405 18 6123
7400 15 6123
2145 145 6166
7401 3 6123
7402 5 6123
5524 389 6111 6123 6124 6151 6156 6162 6166 6170 6174
5532 26 6156
5531 243 6124 6148 6151 6156 6170
5543 137 6123 6124 6148 6166
5549 10 6156
5553 46 6151
5562 13 6156
5582 105 6166 6170
5584 12 6156
5608 16 6124
5612 66 6148 6170
5617 22 6110
7520 3 6174
5624 28 6148
5630 36 6161 6164 6166
2258 95 6124
2276 32 6156
5655 139 6105 6124 6149 6156 6161 6198
7588 8 6174
7598 33 6151
5691 49 6124 6148 6151
7614 39 6151 6174
5696 50 6124 6161
5697 230 6156 6170
5714 44 6124 6156
2328 215 6123
5739 45 6162
7679 26 6151
7695 3 6151
2369 189 6107 6111 6156 6166
5783 23 6124 6148
2387 66 6148
5796 191 6105 6110 6123 6124 6148 6156
5787 32 6124 6166
5800 222 6123 6156 6174
5802 385 6123 6151 6156 6170 6174 6198
5811 79 6123 6198
5805 16 6148
2410 34 6151
5809 21 6105 6110 6124 6148
5814 144 6105 6123 6156
5812 41 6161
5810 29 6156
7766 13 6151
7769 19 6174
7768 11 6174
5819 61 6110
5822 98 6174
5818 67 6166
7770 2 6174
11 743 6170
36 227 6151
39 41 6123
29 150 6198
59 94 6166
87 195 6156 6174
68 275 6124 6130 6156
109 190 6123 6156 6174
127 132 6156
143 94 6156
173 334 6151
166 93 6156
4750 3 6124
4764 53 6123
4781 27 6124
4792 62 6124
4824 101 6124
4829 78 6156 6170
4894 79 6130 6161
4899 169 6124
4948 214 6151
4967 361 6106 6110 6124 6148 6156 6166 6170
4981 53 6151
5002 115 6123 6124 6198
5022 172 6148 6151 6161 6164 6170
5024 4 6148
5020 139 6148
5053 52 6123 6151
5072 3 6174
5079 271 6124 6156 6170
634 150 6148
663 158 6123
686 83 6148 6151
737 232 6123 6156 6170
766 773 6123 6124 6151 6156 6166 6170 6174
816 29 6166
813 272 6124
2744 39 6148
3381 180 6123 6156 6170
3447 271 6105 6109 6148
3449 314 6124 6164 6166
2831 39 6124
3457 166 6123
3459 92 6106 6124 6198
3462 54 6156
3479 102 6124
3478 42 6124
3522 71 6124 6148
3535 5 6148
3568 147 6162
3586 156 6123
2972 357 6166 6170
2967 238 6148
3601 52 6156
3600 12 6123
2988 55 6148
3614 205 6124
