5484 22 5563
5479 28 5529 5543 5582
5485 21 5539
2118 113 5524
5487 30 5500 5545 5569 5570
5462 19 5511 5513 5545 5559 5563 5592
2135 146 5539 5568
5504 2 5506
5512 2 5511
2145 145 5543 5563
5524 389 5500 5527 5529 5543 5563 5582 5584 5596
5531 243 5524 5527 5543 5563 5584 5596
5193 18 5539
5543 137 5524 5527 5545 5563 5596
5544 4 5500 5545 5559
5550 11 5563
2186 61 5584
5558 3 5545 5559
5553 46 5524 5563
5562 13 5527 5563 5568
5577 8 5592
5582 105 5543 5545
5596 30 5563
5591 27 5592
2240 108 5524
5612 66 5524 5584
2237 241 5509 5511
2249 38 5582
5624 28 5527
2257 49 5506
5630 36 5543 5563
5644 21 5524 5543
2278 4 5543
5655 139 5543
7579 9 5529
7580 19 5500
7598 33 5529
2297 164 5584
5684 18 5524
5691 49 5527
7614 39 5529
5696 50 5527
5697 230 5524 5543 5563 5584 5596
5708 7 5524
5714 44 5543
2328 215 5524
7649 10 5529
5739 45 5524 5527 5543 5563
5741 13 5543
7679 26 5529
7682 36 5529
2369 189 5545 5563 5564 5584
2384 72 5511
5783 23 5543
2375 49 5568
5775 42 5529
2387 66 5511 5527 5559
5796 191 5524 5543 5563 5584 5596
5787 32 5524 5527 5543
5800 222 5524 5529 5582 5596
5802 385 5500 5524 5543 5582 5584 5596
5804 33 5524 5563
5811 79 5563 5582
7755 13 5529
5805 16 5527
5807 27 5584
2410 34 5524 5539
5809 21 5543
5814 144 5524 5543
5812 41 5545
5816 84 5584
7766 13 5529
5817 75 5524
5819 61 5545
5822 98 5524 5563 5596
5818 67 5543
30 5 5543
24 309 5511 5596
36 227 5529
29 150 5545 5582
72 164 5511 5524
66 44 5529
87 195 5584
103 68 5503
68 275 5524 5527 5543 5545
109 190 5524 5543 5563 5596
122 213 5506 5509 5592
136 99 5529 5596
155 28 5529
173 334 5511
180 54 5563
4748 38 5514
4764 53 5543
4792 62 5524
4824 101 5506 5513 5527
4829 78 5506 5543
4843 24 5511
4846 34 5511 5513 5545 5563 5568 5592
4883 5 5596
4894 79 5539 5543 5563 5569 5570
4899 169 5545 5568
4924 10 5545
4948 214 5506 5509 5568
4966 25 5592
4964 60 5524
4967 361 5506 5509 5513 5514 5524 5527 5543 5545 5563 5568 5584 5596
4938 12 5506 5511
4974 44 5524
4980 16 5543
4981 53 5584
4982 43 5511 5539
4994 19 5524
5002 115 5584
5012 14 5568
5011 10 5506 5584
5009 14 5524
5016 10 5509 5529
5022 172 5524 5543 5545 5563
5029 26 5511
5037 18 5563
5020 139 5506 5509 5511 5513 5543 5545 5559 5563 5592
5048 6 5524
5061 13 5543
5079 271 5506 5524 5527 5539 5543 5545 5563 5568 5570 5584 5588 5596
5106 33 5543
546 142 5524 5584
580 30 5500
600 214 5511 5524 5543
634 150 5509 5524 5527 5539 5543
686 83 5524 5527
737 232 5529 5543 5563 5582
749 66 5584
697 100 5509
766 773 5506 5509 5511 5524 5527 5539 5543 5545 5563 5584 5596
789 317 5506 5509 5511 5524 5539 5543
813 272 5543
825 165 5524 5527 5545 5568 5592
2744 39 5511
3378 41 5503
3381 180 5524 5543 5563 5582 5596
3394 156 5564
2765 29 5584
2774 46 5529
3402 122 5506
3390 60 5511 5592
2802 9 5524
3447 271 5506 5524 5529 5543 5563 5596
3449 314 5506 5509 5511 5524 5527 5539 5543 5545 5559 5568 5584
3453 319 5506 5524 5539 5543
3452 131 5539 5592
3457 166 5500 5514 5527
3460 22 5596
3456 241 5524 5543 5596
3461 101 5539 5559 5563 5568 5592
3459 92 5506 5524 5559 5596
3462 54 5511
3479 102 5513
3483 20 5545
3478 42 5543
2871 282 5509 5539 5563
3498 114 5509 5524 5527
2883 28 5559
3522 71 5511 5543
3568 147 5509
3586 156 5524 5527 5543 5563
2972 357 5506 5513 5524 5545 5559 5563
2967 238 5511
2968 55 5582
3607 24 5543
2988 55 5511
3614 205 5509 5513 5524 5543 5563 5596
3007 15 5563
3624 64 5545
3009 51 5524 5543
3631 91 5509 5539 5568 5592
3010 123 5596
