2114 39 3007 3026 3028 3029 3034 3050 3056 3059 3068 3084 3099
5484 22 3089
2116 20 3005 3034
2111 4 3030
2120 122 3056 3068 3082 3089
7378 38 3084
2129 44 3024 3026 3034
2133 129 3029
2135 146 3010 3020 3033 3034 3089
2145 145 3002 3005 3024 3084
5524 389 3000 3015 3084 3089
2160 26 3089
7426 2 3000
2171 16 3021 3030
5531 243 3000 3015 3089
2172 29 3034
2174 65 3007 3030
2176 17 3099
5543 137 3015 3089
2186 61 3021 3029 3089
2209 31 3018 3020
2210 17 3084
5582 105 3015
2215 15 3018 3027
2223 15 3084
2225 34 3007 3020 3034 3089
2234 14 3089
2231 66 3030 3050 3056 3068
2230 49 3005 3033 3059 3080 3084
2240 108 3005 3014 3020 3024 3030
2229 143 3018 3020 3021 3030 3089
5612 66 3084
2233 36 3033 3056
7471 9 3084
2236 75 3020 3030 3033 3034 3089 3099
2237 241 3005 3010 3014 3021 3024 3026 3028 3029 3033 3034 3059 3084 3089
5396 12 3089
2256 247 3005 3023 3028 3030 3089
2252 22 3005 3026
2251 25 3020 3056
5630 36 3015
2258 95 3089
2274 48 3080
5655 139 3084 3089
2277 8 3089
7586 7 3084
2290 120 3005 3007 3009 3010 3024 3059
5680 4 3089
2297 164 3005 3009 3014 3020 3024 3026 3033 3034 3059 3089
5684 18 3089
2298 48 3028
2299 67 3026 3030
2307 7 3024
5691 49 3015 3089
7614 39 3084
5697 230 3084 3089
5704 4 3089
2323 111 3005 3007 3014 3018 3020 3028
2326 252 3005 3007 3009 3010 3020 3021 3024 3026 3028 3030 3059 3084
2328 215 3005 3010 3014 3024 3026 3028 3034
2332 36 3018 3020
5739 45 3015
2272 31 3034 3089
7679 26 3084
2360 3 3005
2365 77 3005 3009 3020 3028 3030
2368 17 3018 3021
2371 124 3007 3026 3029 3033 3034 3056 3059 3068 3080
2369 189 3002
2384 72 3007 3028
5783 23 3089
2376 26 3005 3024
2381 71 3007 3034 3089
2379 45 3005 3099
2387 66 3014 3089
5796 191 3015 3084 3089
5787 32 3089
5800 222 3000 3084
7738 6 3084
2398 62 3024 3026 3084
5804 33 3000
2410 34 3027
5814 144 3084 3089
2411 141 3005 3014 3024 3028 3029 3030 3034 3050 3084 3089
5810 29 3084
2416 37 3029 3068 3080 3099
5819 61 3089
5818 67 3015
11 743 3002 3005 3007 3010 3014 3024 3026 3028 3034 3059 3073 3084 3092
15 50 3005
20 187 3027
24 309 3018 3028 3089
36 227 3034 3089
42 89 3026
44 44 3028
59 94 3015
86 122 3050 3092
71 109 3027
87 195 3027
90 72 3014 3027 3034
94 80 3034 3089
98 8 3002
68 275 3014 3018 3021 3024 3026 3028 3034 3050 3056 3084 3089
106 9 3033
122 213 3007 3010 3014 3024 3028 3029 3034 3059 3084
113 89 3034
127 132 3007 3009 3028 3034 3089
136 99 3005
147 58 3026 3056 3059
172 123 3009 3018 3020 3030 3089 3099
168 9 3027
173 334 3002
180 54 3010 3089
166 93 3005
4746 18 3002
4741 3 3002
4764 53 3000 3084 3089
4781 27 3089
4792 62 3084
4818 28 3002 3092
4824 101 3089
4829 78 3027 3089
4843 24 3084
4859 30 3092
4866 2 3073
4894 79 3015
4899 169 3002 3027 3084 3089 3092
4924 10 3015
4937 17 3002
4948 214 3002 3015 3027 3089 3092
4964 60 3015 3089
4967 361 3002 3015 3027 3089 3092
4974 44 3002 3027 3089
4973 8 3002
4976 23 3089
4981 53 3084
4982 43 3092
4992 4 3002
4994 19 3015
5008 27 3089
5009 14 3027
5013 7 3027
5022 172 3015
5029 26 3027
5037 18 3089
5020 139 3027 3089
5039 7 3002
5038 5 3002
5040 3 3002 3027
5051 8 3084
5079 271 3015 3084 3089
539 2 3010
546 142 3005
556 121 3018
582 34 3073
586 13 3005
600 214 3002 3009 3018 3033 3034
646 17 3089
650 98 3034 3082
663 158 3014 3084
667 19 3009
668 2 3089
689 47 3089
695 118 3007
704 81 3005 3028
722 264 3007 3018 3020 3029 3033 3034 3050 3056 3068 3089
727 32 3050
737 232 3084 3092
766 773 3000 3002 3005 3009 3010 3014 3015 3021 3027 3029 3033 3034 3050 3073 3089 3092
769 146 3002
784 224 3007 3014 3020 3030 3089
789 317 3002 3027 3073 3089 3092
805 90 3009
813 272 3005 3024 3026 3029 3033 3034 3059
822 11 3026
826 249 3018 3021 3029 3033 3034 3056 3089 3099
836 26 3026
825 165 3024 3026 3028 3084
838 36 3009
841 61 3029 3034 3056 3092
3375 43 3005 3026
2747 79 3005 3007 3010 3024 3026
3379 19 3009
3381 180 3000
3380 42 3005
3394 156 3005 3010 3014 3027 3084
3392 33 3024 3084
3396 2 3018
3399 3 3018
3397 3 3018
3403 3 3018
2774 46 3084 3089
2775 35 3034 3089
3036 7 3009
3402 122 3002 3014 3018 3027 3034 3092
3404 89 3010 3027 3059 3089
3390 60 3073
2544 11 3014
2790 173 3005 3009 3021 3024 3028 3030 3036 3059 3084 3089
2792 18 3007
2796 8 3056
2815 11 3029
3443 20 3026
2654 104 3005 3007 3010 3026 3056 3089
3447 271 3014 3015 3027 3034 3089 3092
2819 18 3018
3451 98 3014 3073
2822 43 3029 3033 3050 3056 3059 3068
3439 88 3009 3026 3084
3449 314 3002 3014 3015 3027 3034 3073 3089 3092
3450 27 3014 3034
3453 319 3002 3014 3027 3034 3073 3089 3092
3455 68 3002 3034 3073
3452 131 3073 3092
3458 69 3002 3005 3026
3454 148 3028 3084
2832 50 3029 3099
3457 166 3002 3027 3028 3073 3084 3092
3456 241 3014 3027 3034 3089 3092
3461 101 3034 3073 3089
3459 92 3015 3027 3089
3463 56 3014 3027 3034 3073
3462 54 3014
2851 44 3015
3469 23 3028 3073 3084
3477 53 3005 3010 3024
2856 5 3089
3479 102 3002 3005 3009 3027 3073 3084 3089
3480 18 3007
2860 5 3018
3482 24 3010 3028
3483 20 3026
3481 17 3059
2859 139 3007 3024 3028 3034 3073
3478 42 3089
2867 3 3027
3488 16 3084
2872 87 3005 3007 3024 3028 3084
2871 282 3005 3007 3010 3014 3020 3024 3026 3028 3029 3030 3033 3034 3050 3056 3073 3080 3084 3089 3092
3498 114 3014 3015 3089
2883 28 3021
3518 6 3005
3513 4 3009
3519 48 3007 3024 3026 3028 3084 3092
2889 14 3027
3523 28 3005 3010
3525 16 3005 3059
3521 29 3005
3386 12 3005 3028 3089
2900 29 3089
3527 64 3007 3010 3024 3026 3028 3059 3084
2901 4 3068
2913 11 3005
2906 6 3059 3084
3541 81 3005 3007 3026 3028 3059 3084
2908 12 3018
2909 57 3033
3508 11 3026
2912 33 3020 3021 3033 3034 3099
2923 35 3020 3026 3028
3554 6 3009
3557 10 3028 3084
3555 14 3009 3024 3026
2932 62 3028 3059
2933 6 3068
3562 40 3005 3024
2935 36 3002
2940 123 3005 3009 3026 3028 3056
3568 147 3010 3015
3576 4 3026
2947 10 3029
3569 42 3026 3059
2951 19 3014
2948 26 3033 3089
3528 13 3024
2958 47 3005 3084 3089
3586 156 3084
3591 13 3014
2964 70 3021 3033 3034
2972 357 3002 3027 3028 3089 3092
2967 238 3002 3005 3007 3009 3010 3014 3026 3029 3034 3059 3073
3601 52 3027 3089
2968 55 3026 3089
2974 15 3099
3597 13 3010 3026 3059
2969 3 3028
2983 28 3014
3603 12 3002
3611 22 3005 3059
2989 10 3026 3059
2988 55 3026 3059
3614 205 3002 3027 3034 3089
2987 9 3089
3615 144 3007 3024 3026 3059
3622 22 3024 3026 3028 3059 3084
3624 64 3007 3024 3026
2995 10 3029 3056
3629 4 3010
3000 43 3021
3633 48 3028
3630 32 3005 3024
3631 91 3007 3026 3084
3006 31 3020 3021 3029 3030 3050 3068
3639 12 3026
3010 123 3005 3007 3009 3024 3026 3028 3030 3033 3059 3084 3089
3635 63 3007
3634 82 3089
