138 72 560 566 590 592
2116 20 587
2251 25 587
25 90 514 545 549 560 590 592
9 81 506 517 559 560 579 592
3 23 567 581 584 586 590
4 29 560
8 182 506 514 524 538 549 560 564 566 567 581 584 586 587 589 590 592
6 302 538 545 549 560 564 566 567 579 581 584 586 589 590 592
7 24 524
10 86 549 587
11 743 506 514 545 549 559 560 575 579 587
12 65 538 564
15 50 560 589
14 114 517 524 538 560 564 566 567 581 584 589
21 76 549 590 592
17 45 524 590 592
18 12 549
19 39 564 581 584 589 590 592
20 187 564 567 590 592
23 74 549 586 587 590
24 309 545 549 560 579 589
33 24 538 545
28 133 514 584 587 590
35 65 545
36 227 549 560 579
38 14 589
39 41 549
26 95 560 564 566 567 581 584 590
46 59 564 566 590
42 89 545 549 564
51 24 589
47 146 545 560
48 21 564
56 24 515
49 15 517
29 150 524 538 549 587 589
55 64 514 549
59 94 549 564 584
57 13 549
27 102 566 567 584 586 590
72 164 514 549 566 567 584 586 589 590 592
76 2 514
75 31 514 515 545 549
79 53 514 515
78 41 517 524 566 567
77 25 524
80 59 560 590
81 18 506 517 524
67 17 515
83 8 517
89 29 545
86 122 538 549 564
71 109 549 560 564
87 195 515 545 549 579
90 72 549 559 560
94 80 549
100 5 560
98 8 514
115 3 506
31 15 506 517
103 68 506 579
104 30 515
106 9 579
107 4 517
111 29 517
110 95 506 517 524
121 9 524
113 89 524
127 132 549 584
132 29 549
135 7 589
136 99 584
140 30 590 592
142 25 579
143 94 559 566 567 590
151 74 549
154 61 549
152 21 514 567 581 586 589
158 7 514
173 334 559 560 575 579 587
171 70 545 559 575 579
178 63 560 564 590
179 17 549
166 93 545
182 79 590
187 37 545
32 4 517
199 17 579
201 21 549
5013 7 525
542 7 549
553 22 560
560 8 559
559 4 560
554 6 560
555 3 560
556 121 560
570 4 567 581
567 2 584
572 5 567
574 5 567 587
590 8 579
582 34 589
584 5 590
587 18 589
588 22 587 589
591 2 592
600 214 549 579
614 10 549
615 35 587
626 31 579
634 150 545 579
647 32 545 587
635 66 587
644 27 549
649 40 549
652 2 549
659 14 545
673 5 549 565
695 118 549
704 81 545 579
706 95 549 579
707 123 579
708 51 545
696 6 587
732 4 549
733 8 549
749 66 559
761 8 565
763 68 579
764 34 549
766 773 549 579
769 146 559 579
736 4 549
775 2 549
788 113 545
795 60 579
805 90 579
813 272 559 579
820 16 559
334 41 545
826 249 575
838 36 506
844 45 545 579
2906 6 554
3593 26 554
3594 2 554
