5504 2 5301
7386 25 5378
7391 52 5393
5524 389 5301 5335 5378 5384 5393
7393 12 5378
5531 243 5301 5321 5335 5384
5543 137 5335 5384
7449 39 5378
5553 46 5335
5582 105 5384
5584 12 5321
2225 34 5335
5608 16 5301 5335
5606 28 5321
2240 108 5321
5612 66 5335
5396 12 5301
5626 4 5321
2249 38 5378
5627 3 5321
5624 28 5321
5644 21 5335
2276 32 5393
5655 139 5393
7578 28 5378
5647 8 5301
2299 67 5323
5691 49 5301
5697 230 5301 5321
2316 3 5375
5705 3 5301
2321 3 5375
5741 13 5301 5321
7675 25 5378
5761 9 5305
2369 189 5303 5305 5321 5327 5375
2384 72 5341
5773 75 5384
2387 66 5341 5354 5392
5796 191 5321
5787 32 5301
5802 385 5384 5393
5806 83 5335 5393
5807 27 5384
2410 34 5392
5816 84 5321
5817 75 5321
5819 61 5301 5378
5818 67 5321 5335
6 302 5323
20 187 5327
24 309 5327 5341
58 38 5378
72 164 5321
87 195 5308 5392
68 275 5323 5351
109 190 5321
122 213 5335 5392
132 29 5321
173 334 5335
4748 38 5301 5323 5335 5354 5364
4792 62 5326
4818 28 5375
4824 101 5301 5310 5321
4829 78 5326 5327 5335 5341 5392
4846 34 5341
4894 79 5323 5335 5375
4898 11 5368 5392
4899 169 5301 5323 5327 5341 5392
4948 214 5311 5321 5326 5327 5335 5378 5388 5392
4966 25 5335
4964 60 5321
4967 361 5301 5335 5387 5392 5393
4938 12 5323 5341
4974 44 5351
4982 43 5321 5327
5002 115 5393
5008 27 5303 5323
5022 172 5301 5335
5029 26 5323 5327
5020 139 5308 5312 5321 5323 5327 5335 5341 5350 5368 5375 5392
5059 26 5384
5078 3 5341
5079 271 5301 5306 5310 5321 5327 5335 5368 5393
600 214 5341
722 264 5323 5326 5341 5392
737 232 5321 5341 5384
738 8 5301
759 77 5321 5392
763 68 5392
766 773 5323 5392
789 317 5323 5327 5335 5392
825 165 5301 5351
3381 180 5335 5384
3380 42 5378
3394 156 5301
2765 29 5341
2760 23 5311
3402 122 5335 5392
2778 22 5323
3404 89 5323 5341 5375
3390 60 5321 5335 5388
2544 11 5321
3425 2 5375
2790 173 5323
3417 30 5335 5341
3447 271 5305 5308 5312 5323 5341 5364 5368 5375
3449 314 5301 5305 5327 5335 5341 5392
3453 319 5306 5311 5323 5335 5341 5354 5375 5392 5393
3452 131 5301 5335 5375 5392
3457 166 5327 5341
3465 3 5301
3456 241 5335
3461 101 5321
3459 92 5301 5305 5321 5363 5393
3466 17 5301
3478 42 5335
3495 3 5375
2871 282 5308
2883 28 5387
3522 71 5305 5375
2909 57 5387
3586 156 5335
3593 26 5384
2972 357 5305 5326 5335 5387 5392
3601 52 5392
3614 205 5326 5335 5387
3000 43 5311
3631 91 5392
