7350 21 6320
2120 122 6321 6388
2135 146 6337
2145 145 6330
5524 389 6305 6306 6320 6327 6328 6330 6337 6347 6388
5532 26 6302
5531 243 6305 6306 6327 6330 6347 6388
5193 18 6347
2172 29 6328
5543 137 6305 6306 6328 6330 6337
5540 3 6330
5553 46 6306
5582 105 6327 6328 6334 6347
5591 27 6306 6334 6388
2226 28 6330
5604 7 6305
2240 108 6327 6337
5612 66 6328 6337
2256 247 6302 6306 6328 6334 6337 6388
5630 36 6306
2258 95 6328 6330
5644 21 6306
5655 139 6302 6327 6340
5658 10 6334
2297 164 6337
5684 18 6306 6328
5692 21 6327
7614 39 6320
5696 50 6306
5697 230 6302 6305 6306 6311 6323 6327 6328 6330 6334 6337 6347
5714 44 6328 6337
2328 215 6327 6347
5739 45 6328
7666 14 6320
7701 3 6320
2369 189 6306 6327 6328
5776 14 6306
5773 75 6327 6330 6388
5775 42 6347
2381 71 6330
5796 191 6327 6347 6388
5800 222 6305 6307 6327 6330 6347 6388
5798 12 6337
5799 23 6327 6388
5802 385 6306 6320 6323 6327 6330 6334 6360 6388
5811 79 6305 6330 6388
5806 83 6302 6306 6327
5807 27 6327
5809 21 6306 6328
5814 144 6327 6340
5812 41 6328 6330
5810 29 6311 6328 6337
5816 84 6306 6330
5817 75 6305 6327 6330 6337
5822 98 6347
5818 67 6306 6327 6337 6347 6388
6 302 6330
44 44 6306
86 122 6327
71 109 6327
87 195 6337
103 68 6327
68 275 6306
109 190 6306 6328 6330 6344 6376
136 99 6330
166 93 6305 6330
4746 18 6311
4748 38 6334
4788 20 6388
4818 28 6306
4829 78 6388
4894 79 6302 6321 6340
4899 169 6327 6328
4948 214 6320
4967 361 6327 6328 6330 6337
5002 115 6327
5022 172 6305 6327 6330 6334 6337 6347 6388
5028 43 6334
5020 139 6311 6327 6334
5053 52 6337
5061 13 6360
5079 271 6306 6320 6323 6328 6337 6347 6360 6388
5089 8 6328
580 30 6328
600 214 6330
633 55 6330
643 46 6305
645 16 6306
695 118 6306
737 232 6305 6320 6323 6388
749 66 6347
766 773 6327 6337 6347
788 113 6302 6306 6334 6360
789 317 6337
816 29 6306
825 165 6327 6337 6360
3381 180 6305 6306 6328 6334 6347
2774 46 6347
3404 89 6307
2790 173 6330 6388
3447 271 6305 6306 6327 6330 6337 6360
3449 314 6306 6328 6337
3453 319 6323 6347
3458 69 6337
3460 22 6347
3456 241 6328 6337
2851 44 6337
2855 16 6330
3498 114 6328
3522 71 6306 6327
3521 29 6328
2940 123 6306
3569 42 6347
3587 15 6328 6388
3586 156 6311 6327 6344
2972 357 6311 6330
2967 238 6306
3607 24 6327
2985 4 6347
3614 205 6327
3010 123 6347
