138 72 1718 1726
2114 39 1706 1734 1754 1777 1781
2116 20 1723
2118 113 1700 1714 1769 1772 1792
2120 122 1700 1714 1772 1781 1783
2130 8 1723
2133 129 1700 1705 1717 1723 1772
5462 19 1733
2135 146 1729 1792
2141 2 1772
2145 145 1705 1734
2156 41 1700 1772
2152 4 1757
2159 18 1749 1783
2169 32 1705 1772
2171 16 1772
2170 2 1772
2172 29 1772
2176 17 1792
2186 61 1705 1769
2209 31 1787
2210 17 1749 1787
2217 11 1714
2215 15 1714
2225 34 1700
2231 66 1706
2230 49 1700 1792
2229 143 1717 1729 1734 1754 1792
2233 36 1717
2236 75 1734 1754 1781 1783 1792
2237 241 1706 1729 1734 1744 1754 1769 1781
2241 14 1700
2242 3 1749
2256 247 1705 1723 1744 1777
2252 22 1744
2257 49 1734
2255 31 1700
2258 95 1733
2264 58 1729
2274 48 1700
2286 6 1700
2290 120 1744 1777
5675 8 1733
2297 164 1700 1723 1734 1754 1792
2298 48 1792
5691 49 1733
2323 111 1729 1744 1777
2322 19 1700
2326 252 1706 1729 1744 1769 1777
2328 215 1700 1723
2272 31 1700 1792
2357 12 1700 1754
2365 77 1705 1706 1754 1792
5761 9 1733
2371 124 1705 1734 1754 1781 1792
2369 189 1799
2372 7 1700
2379 45 1744 1777
2398 62 1706 1734
2399 2 1700
2410 34 1700 1799
2411 141 1700 1754 1777
2414 6 1700
2416 37 1723
9 81 1717
6 302 1701 1716 1718 1752 1758 1768 1774 1783 1787 1788 1798
11 743 1700 1701 1706 1707 1714 1716 1717 1718 1726 1729 1730 1732 1746 1747 1749 1752 1757 1758 1768 1769 1771 1772 1774 1780 1783 1787 1788 1791 1798
15 50 1717
14 114 1717
21 76 1707 1717 1726
20 187 1730 1758 1774 1783 1787
24 309 1705 1717 1723 1729 1734 1754 1769 1772 1781
33 24 1717
36 227 1701 1707 1726 1769 1783
46 59 1758
42 89 1717 1783
44 44 1717
47 146 1717 1723 1726 1787
53 39 1744
29 150 1772
59 94 1781
60 9 1717 1726
72 164 1717 1718
66 44 1717 1729
83 8 1749
86 122 1718
87 195 1717 1718
103 68 1706
68 275 1706 1792
109 190 1718 1758
110 95 1700
122 213 1723 1729 1777 1792
113 89 1701 1717
127 132 1744
128 80 1705 1714 1730 1780 1787
147 58 1705 1729 1730 1754
154 61 1718
172 123 1717 1734 1754 1757 1792
161 32 1718 1754
163 9 1726
173 334 1701 1707 1714 1717 1726 1730 1732 1746 1747 1752 1758 1772 1774 1783 1787 1788 1791 1798
171 70 1726 1746 1768 1771
177 19 1718
178 63 1733 1799
180 54 1701 1754
166 93 1705
182 79 1718 1754
204 12 1718 1787
4824 101 1733 1799
4829 78 1799
4898 11 1769
4899 169 1733 1799
4948 214 1799
4963 13 1769
4967 361 1733 1799
4974 44 1769
4972 2 1769
4970 8 1769
4973 8 1769
5020 139 1799
5079 271 1799
546 142 1717 1734 1772
556 121 1717 1729
572 5 1717
580 30 1733
600 214 1717
634 150 1707 1717 1723 1744 1757 1774
646 17 1734 1754 1781
643 46 1718 1758
650 98 1734
665 7 1729
664 13 1718
663 158 1754 1769
667 19 1729
689 47 1787
686 83 1717
695 118 1717 1718 1732
704 81 1757 1787
706 95 1718 1772
712 19 1774
707 123 1701 1718 1726 1774
710 105 1705 1718 1734 1754 1768 1774
722 264 1705 1717 1718 1733 1734 1744 1754 1777 1783
749 66 1744
697 100 1700 1757
759 77 1717
763 68 1717 1718
764 34 1700 1734 1754 1772
766 773 1705 1706 1717 1723 1733 1734 1754 1769 1772 1774 1777 1781 1799
768 2 1717
769 146 1717 1718 1726 1787
771 7 1701 1726
788 113 1700
784 224 1706 1707 1729 1749 1752 1758 1769 1792 1793
789 317 1749 1774 1780 1787 1799
795 60 1717 1718
810 34 1716 1718 1758 1793
798 16 1729
804 6 1732 1744 1746
805 90 1783
813 272 1705 1717 1723 1726 1730 1734 1744 1746 1754
334 41 1774
826 249 1705 1717 1718 1723 1732 1734 1749 1754 1757 1768 1772 1774 1781 1792
836 26 1705 1723 1734 1754
825 165 1706 1754 1769
838 36 1717 1718 1732 1746 1747 1752
844 45 1717 1723 1726
841 61 1723
2747 79 1729 1744
2752 7 1744
3394 156 1706 1729 1777
2765 29 1729
2768 40 1705 1723
2774 46 1705 1706
2775 35 1799
3402 122 1729 1744
3404 89 1799
2790 173 1706 1744 1754 1777
2792 18 1723
3435 4 1744
2815 11 1734
2654 104 1744 1781 1792
3447 271 1799
3451 98 1729
2822 43 1723
3449 314 1733 1769 1799
3453 319 1733 1769 1799
3455 68 1769
2799 8 1777
3452 131 1769 1799
3458 69 1744
2830 6 1723
3454 148 1706 1729 1769
3457 166 1706 1729 1799
3456 241 1729 1769 1799
3459 92 1799
2845 3 1723
3470 21 1744
2851 44 1723 1754
3477 53 1706
2852 2 1723
3479 102 1729 1744
2859 139 1769 1777
2866 6 1705
3488 16 1706
2872 87 1705 1706
2871 282 1706 1769 1777 1781
3498 114 1799
2883 28 1799
3512 9 1706
3523 28 1744
3526 6 1706
2900 29 1705 1706 1754
3527 64 1706 1777
2904 18 1734 1754
2913 11 1705
2909 57 1754
2912 33 1734 1754 1769
2917 2 1705
2918 3 1705
2923 35 1734
2919 2 1705
2932 62 1777
2914 4 1754
2940 123 1744
3569 42 1777
2948 26 1734 1754 1781
2953 10 1706
2964 70 1734
2972 357 1733 1769 1799
2967 238 1729 1734 1754 1769
3601 52 1799
2968 55 1754
3611 22 1744
3610 4 1744
3614 205 1733 1769 1799
2987 9 1734 1754
3615 144 1706 1729 1769
3622 22 1706 1744
3624 64 1733 1744
3000 43 1744
3633 48 1777
3009 51 1733
3630 32 1729
3006 31 1792
3639 12 1777
3010 123 1706 1734 1744 1754 1799
3635 63 1729
3634 82 1799
