138 72 308 317 370 373
133 10 348 349 362 370 373 391
2116 20 350
2118 113 350
2120 122 332
2133 129 332 350
2168 3 350
2172 29 332
2209 31 350
2232 12 332
2231 66 332
2230 49 332
2229 143 350
2233 36 332
2256 247 350
2274 48 332
2297 164 332
2323 111 346
2322 19 332
2328 215 332 350
2369 189 332
2407 4 332
2417 7 332
2416 37 332
25 90 300 302 306 308 310 322 325 339 348 349 356 358 363 370 371 373 377 379
9 81 325 339 348 356 363 370 377 378 379 390 391 392 394
3 23 300 348 349 371
4 29 341 363 370
8 182 300 301 308 310 319 322 339 341 348 349 356 358 362 363 370 371 373 377 378 379 389 390 391 392 394 396
6 302 300 301 304 306 317 319 322 325 339 348 349 356 358 359 362 363 370 371 373 377 378 379 390 391 392 394 396
10 86 300 301 306 310 319
11 743 306 308 310 313 317 319 322 325 332 334 338 350 372
12 65 349 356 362 390
13 11 302 341
15 50 368
14 114 324 325 338 356 363 368 371 377 378 390 391 394 396
21 76 308 334 356 370
17 45 339 356 359 377 378 391
18 12 308
19 39 371
54 7 356 373 394
20 187 306 308 310 321 322 325 339 348 350 363 368 370 371 377 378 379 391
23 74 300 302 304 308 313 325
24 309 310 311 321 334 348 370 373 378 391
33 24 396
28 133 301 302 304 310 313 319 322 325 356 370 391 396
35 65 300 339 348 356 362 370 373 377 378 379 390 391 394
37 20 325 370
36 227 304 308 310 313 322 325 332 334 348 356 370 373 377 391 394 396
38 14 302
39 41 319 325 341
26 95 300 301 306 310 325 339 341 348 349 356 358 359 362 363 370 371 373 377 378 379 389 390 391 394 396
41 30 322 339 356 358 377
46 59 300 301 325 348 368 370 371 377 378 379 391 394 396
42 89 302 348 356 377 378 391 396
44 44 372 390 391
51 24 325
47 146 300 302 304 317 322 324 334 356 389
48 21 310 356 391
56 24 368
49 15 363 370 396
29 150 300 308 313 317 322 348 356 358 362 389 391 394 396
58 38 310 322 325
55 64 302 304 308 313 317 321 325 348 356 370 373 379
59 94 370 371 372 377 378 391
62 17 363 370
27 102 301 302 306 310 319 325 348 362 370 371 373 377 379 390 394 396
72 164 313 321 322 325 341 356 370 371
66 44 302 338 359 394
73 13 363 378 394
75 31 370
79 53 302 311 313 341 356 370 391
78 41 300 302 368 377 378 379 390 391 392 396
77 25 363
80 59 304 310 311 319 322 325 339 356 370
67 17 356 391
83 8 371
89 29 310
86 122 304 308 313 325 332 391
71 109 319 356 370 391
87 195 304 313 317 348 363 372 396
90 72 308 321 338
92 5 300 302
94 80 301 302 304 322 324 325 348 349 356 370 389
100 5 378
31 15 322
103 68 302 306 370 391
104 30 302 308 356 368 377 396
68 275 368 379
130 13 356
111 29 300 306 308 373 377 378
110 95 304 306 310 313 317 322
121 9 350 368
113 89 339 370
126 25 321
127 132 325 332 346 379
128 80 348 356 372 379
132 29 310 325 370
135 7 310 394
136 99 349 356 389
140 30 339 341 348 349 356 358 359 363 370 379 389 390 396
142 25 300 301 302 349 359 363 370 371 389
139 37 302 322
143 94 301 313 317 334 339 363 370 373 377 378 379 390 391 394 396
145 18 391
147 58 304 310 311 319
151 74 308 322 338
154 61 304 306 308 310 322 348 370 377
157 44 311 313 325 396
172 123 391
161 32 334
162 4 300
168 9 302
173 334 304 311 313 314 317 321 322 334 346 372
74 69 304 317 321 334 356
176 39 334
177 19 372
194 5 368
178 63 313 371 396
180 54 349 370
179 17 301 304 306 308 348 349
166 93 304
182 79 310
185 4 321
187 37 322 348 373 394
32 4 368
190 2 370
197 11 324
191 13 372
4774 13 346
4821 2 346
542 7 372
545 24 334
546 142 372
556 121 321 372
564 15 310 311
567 2 371
583 26 372
584 5 371
585 3 310 371
601 9 321
604 8 310 325
600 214 308 311 313 321 324 350 372
615 35 306 319 325
633 55 306 310 311 313 319
634 150 334
635 66 304 317
637 25 311 317
643 46 311 313
644 27 313
649 40 304 317
650 98 308 311 332
663 158 311 321
667 19 332
639 31 313
674 16 308 310 317 325
689 47 310
682 3 310
686 83 334 338 372
688 5 310
690 3 310
695 118 317 324 325 346 372
691 24 306
692 3 306 319 325
704 81 304 308 313 317 346
705 28 317
706 95 317
712 19 304
707 123 311 321 372
713 4 332
708 51 304 311 317 321 334
710 105 321
715 23 334
722 264 308 346
742 93 304 311 317 324
697 100 311 313 321 332
321 27 308 311
761 8 304
759 77 311 313 317
766 773 332 346 350
762 50 324
769 146 311 313 314 321 332 338 350
788 113 311 317 321
784 224 311 338 346
789 317 304 311 313 317 346
795 60 304 311 313 317 321 372
810 34 304 313 324
797 5 324
816 29 304
805 90 313
813 272 332 350
334 41 313 317
823 15 304 313
826 249 332 372
838 36 308 334
844 45 308 313
3449 314 346
3453 319 346
3498 114 346
3601 52 346
