138 72 1125 1186 1190 1192 1193
2116 20 1166
2115 16 1186
5485 21 1159
2120 122 1140 1166
2133 129 1186
2142 2 1186
2145 145 1166
2156 41 1140
5524 389 1191
2159 18 1140
5531 243 1159
2172 29 1111
2174 65 1154
5543 137 1159
2188 3 1111
2186 61 1111
2206 14 1154
2209 31 1166
2210 17 1140
2226 28 1166
2231 66 1186
2240 108 1186
2229 143 1157 1166 1186
2233 36 1186
2237 241 1166 1185
2241 14 1186
2242 3 1140
2041 6 1140
2256 247 1100
5624 28 1159
2257 49 1166
2258 95 1166
2264 58 1186
5650 2 1191
2290 120 1100 1157 1166
2297 164 1166
7614 39 1191
2323 111 1157
2326 252 1100 1140 1157 1166
2328 215 1166 1186
2272 31 1166
7682 36 1191
2371 124 1166 1186
2384 72 1166
2375 49 1157 1185 1186
5775 42 1191
5796 191 1159
5787 32 1159
5800 222 1191
2402 2 1100
2411 141 1140 1166
7766 13 1191
2113 7 1154
25 90 1131
9 81 1103
6 302 1125 1144 1152 1156 1160 1167 1168
7 24 1190 1193
11 743 1103 1111 1124 1127 1128 1137 1144 1151 1154 1156 1160 1164 1165 1167 1168 1185 1186 1190 1191 1193 1196 1199
12 65 1160
16 15 1186
14 114 1123 1164
21 76 1190
17 45 1190
20 187 1156 1164 1167 1190
23 74 1123
24 309 1100 1111 1123 1125 1156 1164 1165 1186 1193
33 24 1144
28 133 1160 1186 1190
35 65 1127 1193
36 227 1111 1123 1125 1127 1131 1166 1186 1190 1193 1196
42 89 1123 1127
44 44 1111 1186
47 146 1111 1186
49 15 1123
29 150 1131
58 38 1186
55 64 1123
59 94 1125 1131 1152
72 164 1123 1131 1156 1193
66 44 1131 1193
75 31 1186
78 41 1192
77 25 1185 1193
81 18 1157
89 29 1192
86 122 1131 1186
87 195 1123 1131 1193 1199
90 72 1124 1128 1131
94 80 1123 1186
104 30 1100 1103 1192
68 275 1157 1159
120 8 1186
109 190 1151 1164 1199
110 95 1191
122 213 1159 1166
113 89 1186
126 25 1156 1186
127 132 1100 1157 1159
128 80 1164 1166 1193 1199
132 29 1100 1151
147 58 1137 1185
151 74 1123 1125 1128 1140 1141
154 61 1123
157 44 1114 1123 1156 1166
172 123 1166
161 32 1127 1131
173 334 1103 1111 1123 1124 1127 1137 1151 1167 1168 1186 1190 1193 1196 1199
171 70 1125 1140 1152 1154 1156 1186 1190 1192 1193 1196
74 69 1111 1123 1186 1190
176 39 1123 1131 1156 1160 1167 1186 1190
177 19 1186
178 63 1185
180 54 1100 1166
166 93 1157
182 79 1127 1128 1131 1151 1156 1167 1186
187 37 1151
197 11 1111
199 17 1186
201 21 1123 1186
191 13 1164 1165
204 12 1151 1165
4948 214 1191
4967 361 1159
546 142 1151 1164 1165 1166
553 22 1186
554 6 1103
556 121 1111 1123 1144 1164 1186 1190 1193
572 5 1111
579 4 1127 1186
582 34 1185
588 22 1193
601 9 1152
600 214 1100 1103 1111 1165 1186 1193
626 31 1141 1167 1186 1193
634 150 1157 1164 1186 1190 1193 1196
647 32 1123 1186 1193
635 66 1131 1160 1166 1186 1193
640 4 1186
643 46 1123 1151
644 27 1125
649 40 1186
650 98 1144 1156 1186 1192
645 16 1186
658 6 1186 1190
661 2 1186
659 14 1193
663 158 1123 1125 1128 1140 1166 1167 1193
667 19 1111 1193
689 47 1186
686 83 1128 1144 1152 1160 1165 1196
688 5 1196
695 118 1123 1151 1166
691 24 1186 1199
704 81 1125 1166
705 28 1127
706 95 1111 1123 1186 1190 1192 1193
712 19 1193
707 123 1123 1131 1167 1190 1192 1193
708 51 1114 1128 1140 1141 1154 1156
710 105 1100 1123 1127 1141 1152 1193 1199
696 6 1125
715 23 1193
722 264 1127 1154 1157 1164 1166 1167 1186
727 32 1186 1199
730 34 1131 1140 1186 1192
733 8 1151
749 66 1186
742 93 1165 1167
697 100 1125 1128 1141 1190
321 27 1123 1190
759 77 1123 1140 1186 1193
764 34 1154
766 773 1100 1114 1125 1157 1159 1164 1166 1167 1185 1186 1191
762 50 1123 1186 1191
769 146 1111 1123 1127 1131 1137 1144 1166 1167 1186 1190 1193 1196
788 113 1123 1131 1140 1156 1157 1166 1186
784 224 1114 1151 1160 1164 1165 1166 1186 1193 1199
789 317 1123 1151 1154 1156 1159 1165 1167 1186 1193 1199
791 41 1123 1193
795 60 1123 1167
810 34 1140 1186 1191 1199
816 29 1193
805 90 1103 1125 1144 1164 1167 1193
813 272 1137 1157 1166 1167 1186 1193
822 11 1137
820 16 1123 1186
823 15 1131
826 249 1124 1151 1154 1165 1167 1168 1199
824 2 1186
825 165 1166
831 12 1111
838 36 1124 1199
844 45 1125 1160 1186
841 61 1154
2740 28 1154
2744 39 1154
3373 12 1157
2747 79 1100
3380 42 1157 1166
3388 15 1159
3402 122 1157 1185
3404 89 1159
2791 15 1166
2790 173 1166
3451 98 1140 1185
3439 88 1166
3449 314 1159 1185
3450 27 1185
3453 319 1185
2831 39 1166
3455 68 1185
3454 148 1185
3457 166 1157 1191
3461 101 1185
3463 56 1185
3462 54 1157 1185
3466 17 1166
3470 21 1166
3469 23 1166
3479 102 1157 1166
3482 24 1100
2859 139 1157
3478 42 1159
3488 16 1157
2871 282 1157
3523 28 1100
3386 12 1166
3508 11 1166
2932 62 1157
3562 40 1166
2940 123 1157 1166
3568 147 1185
2951 19 1185
3587 15 1166
3528 13 1166
2964 70 1140
2972 357 1159
2967 238 1157 1166
2968 55 1166
3600 12 1166
3603 12 1166
2988 55 1191
3614 205 1100 1157 1159
3622 22 1157
3000 43 1166
3010 123 1166
3635 63 1157
3634 82 1159
