7350 21 7553 7561
7352 15 7544
5489 12 7553
7362 8 7587
7371 2 7567
7379 7 7529
7378 38 7553 7587
2135 146 7587
7357 9 7553
7386 25 7553 7567
7387 4 7553
7391 52 7529 7544 7553
7400 15 7553
7401 3 7510
5524 389 7510 7512 7529 7544 7553 7557 7587 7588
7409 10 7553
7393 12 7553
5531 243 7510 7512 7553 7561 7587
7425 7 7553
5543 137 7510
7449 39 7508 7553 7574
7455 4 7510 7529
7476 2 7512
5596 30 7520
2223 15 7553
7502 3 7544 7553
2240 108 7517
7471 9 7512
7511 16 7512
5617 22 7553
7544 11 7553
7549 2 7553
7546 3 7553
7564 31 7587
7565 3 7587
5655 139 7510 7529 7534 7544 7557 7588
7586 7 7587
7580 19 7587
7598 33 7588
2297 164 7587
7614 39 7544
5697 230 7553
2328 215 7553
7677 12 7517
7682 36 7574
7701 3 7588
2371 124 7561
2369 189 7512 7553
7697 19 7588
5776 14 7529 7553
5773 75 7593
5775 42 7510
7724 2 7544
7727 30 7553
7733 45 7553
2387 66 7561
5796 191 7553 7561 7567
5800 222 7520 7529 7544 7553 7561 7574 7583 7587 7588
7744 50 7544 7553
5802 385 7510 7512 7529 7544 7553 7557 7561 7587 7593
5806 83 7510 7520 7529 7533 7553 7574 7583 7587
5807 27 7534
5814 144 7508 7544 7553 7587 7593
5816 84 7510 7553
5817 75 7553
5815 5 7510
2113 7 7561
5819 61 7553
5822 98 7510
86 122 7553
99 24 7574 7588
103 68 7553
68 275 7544 7553
109 190 7553
122 213 7553
136 99 7553
155 28 7587
166 93 7574
4792 62 7574
4879 28 7553 7557 7561 7587
4948 214 7510 7561
4967 361 7561
4981 53 7510 7553 7587
5002 115 7553
5020 139 7553
5053 52 7561 7587
5079 271 7553
580 30 7587
633 55 7587
667 19 7553
722 264 7553
737 232 7517 7544 7553 7567 7574 7588 7593
749 66 7587
766 773 7510 7561
762 50 7587
3381 180 7510 7512 7529
2774 46 7510
2544 11 7553
3447 271 7510
3453 319 7553
2833 7 7561
3457 166 7561 7587
3460 22 7510
3456 241 7553
2851 44 7553
3498 114 7553 7587
2936 8 7517
3587 15 7567
3586 156 7553 7587
3631 91 7553
