2114 39 1291
2115 16 1211 1285
2118 113 1239 1285
2133 129 1211 1243 1250 1291 1297
2135 146 1247 1267 1297
2160 26 1297
2169 32 1211
2171 16 1297
2172 29 1250
2176 17 1211
2186 61 1291
2193 12 1211 1297
2215 15 1211
2234 14 1267
2231 66 1250
2230 49 1297
2240 108 1243 1297
2229 143 1250 1267
2233 36 1250
2236 75 1267 1291
2237 241 1291 1297
2256 247 1291 1297
2255 31 1243 1291
2258 95 1297
2274 48 1250 1267
2286 6 1297
2290 120 1297
2297 164 1267 1297
2298 48 1211
2314 3 1297
2323 111 1243 1297
2322 19 1297
2326 252 1239 1297
2328 215 1211 1239 1297
2332 36 1250
2342 5 1211
2343 7 1250
2272 31 1211 1297
2357 12 1267
2365 77 1297
2371 124 1211 1250 1267 1291 1297
2375 49 1250
2381 71 1297
2398 62 1250
2411 141 1297
2416 37 1211 1291
6 302 1218 1220 1221 1222 1234 1241 1248 1253 1261 1297
11 743 1200 1201 1203 1211 1218 1220 1221 1222 1230 1239 1241 1243 1248 1250 1253 1259 1260 1261 1279 1282 1284 1285 1286 1296 1297
12 65 1241 1297
15 50 1297
14 114 1259
21 76 1297
17 45 1218
20 187 1211 1218
24 309 1200 1234 1250 1267 1284 1285 1297
33 24 1241
28 133 1201 1286
35 65 1203 1297
36 227 1222 1234 1296 1297
41 30 1259 1282
46 59 1279
42 89 1200 1234
47 146 1211 1236 1248 1284 1285 1286 1297
48 21 1211
56 24 1211
49 15 1211
29 150 1297
59 94 1201 1230
72 164 1211 1279
66 44 1267
75 31 1243 1248
78 41 1211
81 18 1218
89 29 1270
86 122 1234 1248 1297
71 109 1248 1297
87 195 1248 1279 1297
90 72 1234
94 80 1201 1243
102 5 1232
68 275 1239
106 9 1211
109 190 1234 1261 1297
122 213 1239 1247 1291 1297
113 89 1248 1297
126 25 1297
127 132 1267 1297
128 80 1234
136 99 1211 1234
143 94 1211 1279 1297
145 18 1248 1297
151 74 1248
154 61 1211 1279 1297
157 44 1297
172 123 1211 1243 1267 1297
161 32 1201 1232 1240
163 9 1284 1285 1286
173 334 1200 1201 1211 1218 1222 1230 1234 1236 1243 1248 1253 1267 1279 1285 1286 1296 1297
171 70 1211 1218 1220 1240 1241 1259 1286 1297
74 69 1284 1297
176 39 1201 1218 1222 1234
180 54 1203 1218 1222 1284
166 93 1211 1248 1279 1297
182 79 1297
187 37 1211
4829 78 1247
4967 361 1247
5020 139 1247
5079 271 1247
545 24 1296 1297
546 142 1211 1230 1261 1284 1297
553 22 1211 1239
586 13 1201
587 18 1286
600 214 1297
634 150 1200 1201 1218 1253 1261 1284 1285 1286 1296 1297
647 32 1218 1297
635 66 1200 1211 1296
636 11 1201
643 46 1259 1279
650 98 1211 1267 1286 1296 1297
659 14 1297
663 158 1211 1222 1234 1241 1261 1266 1270 1287
639 31 1201 1222 1277 1286
674 16 1222
689 47 1297
686 83 1203 1221 1261 1277 1282 1297
699 8 1222
695 118 1211 1222
691 24 1201 1203 1236 1243
704 81 1201 1222 1241 1297
705 28 1201 1222 1270 1282
706 95 1211 1248 1279 1296 1297
712 19 1253
707 123 1201 1203 1211 1234 1248 1253 1261 1297
708 51 1270 1297
710 105 1201 1211 1230 1234 1261 1267 1277 1279 1286 1297
715 23 1221 1282 1286 1296
722 264 1201 1211 1218 1232 1234 1236 1250 1261 1267 1277 1291 1297
727 32 1211
749 66 1239
742 93 1200 1201 1241
697 100 1236 1253 1259
759 77 1211 1230
763 68 1211 1267
764 34 1211
766 773 1201 1211 1239 1243 1247 1250 1267 1286 1291
762 50 1211 1222
769 146 1201 1211 1218 1222 1248 1253 1297
781 8 1261
788 113 1240
784 224 1200 1211 1222 1241 1248 1259 1261 1297
789 317 1200 1201 1218 1220 1222 1241 1243 1247 1248 1266 1277 1297
791 41 1201 1260 1270 1279 1297
795 60 1211
810 34 1218 1297
816 29 1218
805 90 1201 1203 1222 1230
813 272 1211 1230 1239 1248 1250 1253 1267 1279 1284 1285 1291 1296 1297
334 41 1201 1203 1218 1286
826 249 1211 1230 1253 1267 1279 1297
844 45 1218 1286
841 61 1291
2747 79 1297
3378 41 1297
3394 156 1297
2768 40 1291
3392 33 1239 1297
2774 46 1297
2778 22 1211
3404 89 1297
2789 3 1211
2791 15 1297
2790 173 1297
2796 8 1211
2815 11 1291
2654 104 1267 1291 1297
2822 43 1211 1291
3439 88 1239
3449 314 1247
3453 319 1247
3454 148 1239
3457 166 1297
2838 21 1211 1297
3461 101 1247
2845 3 1211
3482 24 1297
3483 20 1247
3481 17 1297
2859 139 1239
3478 42 1239 1297
2866 6 1211
2872 87 1211 1297
2871 282 1211 1239 1267 1297
2883 28 1211
3518 6 1297
3523 28 1297
3525 16 1297
2900 29 1267 1297
3527 64 1297
2904 18 1211
3541 81 1239
3508 11 1297
2925 19 1211
2923 35 1211 1297
2919 2 1211
2932 62 1211 1297
3560 16 1297
2933 6 1211
3562 40 1297
2936 8 1211
2939 7 1211
2940 123 1211
3568 147 1239
2941 11 1211
2947 10 1291
3569 42 1297
3528 13 1297
2958 47 1267
2964 70 1239 1267
2972 357 1239 1247
2967 238 1239 1297
3611 22 1297
3614 205 1247 1297
3615 144 1297
3624 64 1247
3625 4 1239
3630 32 1297
3006 31 1267 1291
3010 123 1291 1297
