5484 22 5459
5482 12 5445
2115 16 5459
5480 3 5484
5479 28 5454
5485 21 5484
2118 113 5412 5459
5487 30 5445
2120 122 5412
7378 38 5465
5462 19 5484
2135 146 5404 5412 5449 5454 5459 5463 5484
5499 3 5452
7386 25 5421
5501 3 5452
7391 52 5466
2145 145 5404 5412 5463
5524 389 5404 5406 5423 5439 5459 5465 5466 5479 5484
5531 243 5404 5423 5437 5454 5459 5479 5487
5534 14 5459
5193 18 5482
5543 137 5423 5437
5540 3 5459
5549 10 5484
5550 11 5484
5551 8 5459 5484
5552 8 5484
2186 61 5404 5423
5553 46 5484
5562 13 5404
2210 17 5412
5582 105 5432 5439 5479
5589 11 5459
2217 11 5426
2215 15 5463
5596 30 5459
5591 27 5487
7490 27 5421
2225 34 5412
2231 66 5412
7493 4 5421
5606 28 5445 5459
5612 66 5404
2237 241 5412 5430 5449 5459 5482
5620 7 5459
2246 8 5412
5616 15 5404
2249 38 5404 5432 5439
2256 247 5412 5423 5457
5627 3 5454
5624 28 5445
2257 49 5459
2258 95 5437 5466 5482
5644 21 5439
5639 4 5454
2264 58 5454
7546 3 5421
7564 31 5465
2277 8 5412
5668 4 5404
7580 19 5421
5675 8 5459
7598 33 5421 5466
2297 164 5412
5691 49 5437 5445 5457 5482
7614 39 5466
5696 50 5437 5439 5479 5487
5702 10 5454
7623 3 5465
5697 230 5423 5439 5457 5479 5484
5708 7 5459
5707 4 5459
5709 11 5459
2323 111 5412 5415 5449
5714 44 5459
5750 4 5415 5437
5749 2 5457
2371 124 5412 5459
2369 189 5404 5412 5415 5452 5454 5457 5467 5484
5768 13 5415
2384 72 5459 5482
5783 23 5404 5457
2375 49 5415
2376 26 5482
2381 71 5449 5452
2387 66 5404 5412 5430 5449
5796 191 5404 5465 5484
5800 222 5421 5432 5465 5466
2398 62 5412
5799 23 5439
5802 385 5404 5406 5432 5465 5466 5479 5484
5804 33 5457
5806 83 5406 5421
5805 16 5423 5479 5487
2410 34 5412 5415 5459
5814 144 5432
2411 141 5484
5812 41 5415 5423
5816 84 5423
5817 75 5404 5421 5484
5819 61 5404 5457 5482
5822 98 5421 5432 5466
5818 67 5415 5423 5487
24 309 5412 5423 5484
37 20 5412
36 227 5412 5459
42 89 5423
44 44 5439
47 146 5412
29 150 5404
58 38 5412
59 94 5404
27 102 5412 5459
72 164 5459
86 122 5421 5449
71 109 5421 5449
87 195 5412 5415 5421 5439 5449 5459 5484
90 72 5412 5449
99 24 5412
103 68 5412 5452
68 275 5404 5412 5415 5423 5430 5437 5445 5449 5457 5459 5463 5484
109 190 5404 5423 5465 5479 5484
122 213 5412 5449 5454 5459
113 89 5484
127 132 5404 5412 5449
136 99 5445 5482 5484
139 37 5459
147 58 5412 5430
173 334 5484
178 63 5412
4746 18 5484
4756 34 5457 5459
4748 38 5430
4764 53 5454 5479 5484
4781 27 5479 5484
4792 62 5459 5465 5466
4814 20 5459
4813 46 5439 5479
4818 28 5484
4824 101 5432 5459
4829 78 5412 5423 5430 5442 5449 5452 5457 5465 5467
4840 4 5482
4843 24 5423 5449 5452 5484
4846 34 5484
4894 79 5415 5459 5467 5469 5482
4898 11 5434
4899 169 5430 5437 5445 5449 5452 5459 5463 5479 5484
4924 10 5404
4915 6 5404
4929 9 5417
4943 31 5432
4948 214 5412 5423 5426 5430 5449 5454 5459 5463 5465 5484
4966 25 5459
4964 60 5404 5412 5459
4967 361 5404 5412 5423 5430 5432 5437 5439 5445 5459 5463 5465 5467 5479
4938 12 5412 5452
4974 44 5463
4981 53 5430
4982 43 5454 5459
4988 23 5404 5459
5002 115 5404 5432 5459 5484
5006 28 5412 5459
5008 27 5449 5484
5013 7 5449
5022 172 5404 5415 5423 5439 5482 5487
5029 26 5423 5430 5449 5459 5484
5020 139 5412 5415 5417 5423 5430 5449 5452 5463 5484
5059 26 5432
5061 13 5499
5068 10 5452 5454
5081 5 5484
5079 271 5404 5415 5437 5439 5449 5454 5459 5466 5499
5106 33 5412 5459
5090 3 5459
546 142 5484
553 22 5466
556 121 5412 5423
582 34 5412
583 26 5421 5449
600 214 5404 5423 5449 5452 5484
633 55 5469 5479
634 150 5404 5437 5459
667 19 5421
689 47 5412 5452
695 118 5487
704 81 5412
710 105 5412
722 264 5454 5484
727 32 5412
730 34 5412
737 232 5404 5412 5466
749 66 5412 5445
697 100 5412 5449
759 77 5423 5430
763 68 5412 5430
766 773 5404 5412 5423 5430 5432 5437 5439 5445 5459 5465 5466 5479
769 146 5412
788 113 5415
789 317 5412 5430 5449 5463 5470
825 165 5412 5423 5426 5454 5459 5484 5487
3375 43 5421
2744 39 5482
3378 41 5412 5459
3381 180 5432 5465 5484
3394 156 5412 5417
2765 29 5452 5482
2760 23 5412 5449 5482
3393 10 5459
2775 35 5412
3402 122 5412 5449 5463
3404 89 5430 5439 5465 5482
3390 60 5454 5459
2802 9 5484
2790 173 5404 5412 5423 5449 5487
2811 19 5412 5459
3447 271 5417 5432 5449 5459 5463 5479
2822 43 5412
3439 88 5412
3449 314 5404 5412 5415 5417 5423 5430 5432 5437 5439 5445 5449 5452 5454 5459 5463
3453 319 5412 5415 5430 5445 5454 5457 5459 5463 5467 5471 5484
2831 39 5454 5459
3452 131 5412 5449 5454 5459
3458 69 5412 5421 5499
3457 166 5415 5426 5430 5432 5437 5467 5479
3456 241 5412 5421 5430 5449 5459 5499
3461 101 5449 5452 5454 5457 5463
3459 92 5415 5437 5449 5484
3462 54 5484
2851 44 5412 5445 5449
3479 102 5459 5482
3483 20 5430 5484
3478 42 5454
3498 114 5412 5423 5449 5452 5454 5459 5463 5482
3522 71 5454 5457
3519 48 5459
2889 14 5430 5449
3527 64 5484
2903 8 5404
2909 57 5412 5470
3563 3 5479
3568 147 5404 5459 5484
3569 42 5484
2958 47 5412
3586 156 5423 5479 5484
3593 26 5404 5452
2972 357 5404 5412 5415 5423 5430 5449 5459 5463 5467 5484
2967 238 5445 5459
3601 52 5412
2968 55 5459
3600 12 5430
2988 55 5445 5459 5487
3614 205 5412 5430 5454 5459 5463
3007 15 5484
3624 64 5459
3002 5 5412
3633 48 5404
3631 91 5412 5449
3010 123 5412 5445 5449
