138 72 1597
5485 21 1548
2118 113 1547 1565 1566 1571
2120 122 1549 1596
2125 3 1566
2133 129 1521 1547 1565 1596
5462 19 1548
5501 3 1548
2145 145 1549
2156 41 1549
5524 389 1549
2160 26 1549
2169 32 1521
5532 26 1549
5531 243 1548 1549
2174 65 1564 1583 1592
5543 137 1549
5540 3 1548
2188 3 1548
2209 31 1564
5582 105 1549
2226 28 1571
2225 34 1564
2231 66 1596
2240 108 1549 1565
2229 143 1549 1564
5612 66 1549
2233 36 1547
2237 241 1549
2249 38 1565
2256 247 1521 1549 1564 1565 1592 1596
2252 22 1549
2251 25 1542
2255 31 1547 1565
2258 95 1549
2264 58 1549
2282 5 1542
2290 120 1549
2297 164 1571
2299 67 1549
5692 21 1549
5697 230 1549
2323 111 1549 1571
5714 44 1549
2322 19 1547
2326 252 1549 1571
2328 215 1521 1547 1549 1564
2324 3 1565
2272 31 1521
2357 12 1521 1547
2365 77 1521 1571
2371 124 1596
2375 49 1521 1564
2381 71 1549
5796 191 1549
2398 62 1549 1571
5814 144 1549
2411 141 1571 1596
5816 84 1549
5817 75 1549
9 81 1525 1580
6 302 1501 1506 1507 1513 1514 1518 1524 1525 1531 1532 1533 1538 1549 1555 1556 1557 1563 1569 1573 1587 1597
11 743 1501 1506 1507 1513 1514 1518 1520 1521 1524 1525 1531 1532 1533 1534 1538 1542 1547 1549 1550 1555 1556 1557 1565 1566 1583 1585 1592
12 65 1573
16 15 1580
17 45 1513
20 187 1501 1513 1569 1585 1597
23 74 1538 1593
24 309 1501 1538 1542 1547 1548 1549 1566 1585
36 227 1506 1513 1518 1524 1538 1549 1555 1566 1585
46 59 1542 1565 1593
42 89 1548
45 8 1507 1513
47 146 1514 1564 1573 1585
56 24 1549
49 15 1550
29 150 1548 1549
59 94 1595
60 9 1521
72 164 1538 1549 1573 1597
78 41 1513 1514
77 25 1550 1563
86 122 1514 1525 1569 1585
71 109 1513 1518 1549 1573 1585 1593
87 195 1549 1573 1585
90 72 1569 1596
68 275 1549 1592
106 9 1595
120 8 1569
109 190 1521 1538
122 213 1549
113 89 1513 1563 1565 1597
128 80 1524 1538 1549 1556 1557
136 99 1549 1564
139 37 1507
143 94 1506 1569 1573 1593
145 18 1569
147 58 1566
151 74 1520
154 61 1514
157 44 1556
172 123 1549 1571
161 32 1585
173 334 1501 1506 1514 1518 1520 1524 1525 1531 1534 1537 1542 1547 1550 1556 1563 1565 1566 1580 1583 1585 1587 1593 1595
171 70 1501 1524 1532 1549 1556
74 69 1583
176 39 1520 1531 1537 1593
177 19 1514 1592 1593
180 54 1542
166 93 1585
182 79 1525 1569
187 37 1573
199 17 1520
4746 18 1548
4765 4 1548
4796 4 1548
4870 2 1548
4967 361 1549
5002 115 1549
5022 172 1549
5020 139 1548 1549
5079 271 1549
546 142 1547 1571
554 6 1566
556 121 1542
588 22 1547
600 214 1514 1521 1548 1549 1555 1564 1585
633 55 1573 1580 1593
634 150 1514 1537 1564 1585
647 32 1547
635 66 1566
636 11 1524
637 25 1573
643 46 1534
644 27 1524 1585 1593
650 98 1507 1592
664 13 1513 1569
663 158 1525 1538 1573
686 83 1514 1518 1524 1533 1534 1538
699 8 1573 1585
695 118 1521 1580 1585
704 81 1501 1514 1595
706 95 1501 1514 1520 1569 1573 1585 1593 1597
712 19 1525 1555 1585 1595
707 123 1506 1514 1518 1521 1525 1532 1537 1538 1542 1556 1563 1564 1573 1580 1587 1593
710 105 1514 1525 1564 1585 1593
722 264 1525 1534 1537 1556 1566 1573 1593 1596 1597
727 32 1569
730 34 1506
697 100 1513 1548 1569 1595
759 77 1534 1580
763 68 1520
766 773 1514 1538 1550 1571 1585
762 50 1569
769 146 1566 1580 1592 1597
775 2 1585
794 18 1557 1564 1569 1573
781 8 1514 1564
788 113 1585 1587
784 224 1513 1514 1525 1534 1549 1573 1585
789 317 1506 1521 1525 1542 1547 1549 1564 1565 1585 1592
791 41 1506 1597
795 60 1501 1524 1549 1587 1595
796 6 1550
810 34 1514 1597
805 90 1501 1506 1514 1542 1573 1580 1593
811 3 1531
813 272 1521 1525 1534 1542 1547 1549 1565 1566 1571 1585 1597
822 11 1566
820 16 1506 1514
826 249 1506 1507 1513 1514 1518 1520 1521 1531 1532 1533 1534 1537 1538 1556 1557 1563 1565 1566 1571 1573 1585 1595 1596 1597
836 26 1525
825 165 1549
841 61 1521
2746 25 1549
3379 19 1571
3381 180 1571
3394 156 1549
2768 40 1596
3392 33 1549
2774 46 1592
3402 122 1549
2790 173 1549 1571
2654 104 1549
3447 271 1549
2819 18 1549
3445 21 1549
3439 88 1571
3453 319 1549
2833 7 1549
3454 148 1549
2832 50 1596
3456 241 1549
3461 101 1548
3459 92 1549
3462 54 1548
3466 17 1549
2872 87 1549
2871 282 1548 1571 1596
3498 114 1571
3519 48 1549
2900 29 1549 1571
2904 18 1549
2925 19 1596
2932 62 1549
3562 40 1549
2940 123 1571
3569 42 1549
2950 13 1596
2972 357 1549
2967 238 1549 1571
2983 28 1596
3615 144 1549
3633 48 1549
3631 91 1549
3010 123 1549
