5484 22 4310
5485 21 4310
5487 30 4335
2129 44 4335
2135 146 4335
2134 14 4323 4365 4386
5511 3 4335
2144 23 4349
2145 145 4335 4384
5524 389 4310 4341 4361
5532 26 4335
5531 243 4310 4335 4341
5193 18 4335
5528 6 4335
5543 137 4310
7441 3 4341
5550 11 4310
5552 8 4338
2186 61 4338
5553 46 4335 4338
5562 13 4335
5577 8 4335
5582 105 4310
2217 11 4384
2215 15 4384
5591 27 4335
5606 28 4335
2240 108 4351
2229 143 4323 4349 4365 4373 4384 4385
5614 7 4335
2237 241 4335 4365 4384
5623 2 4335
5616 15 4338
5626 4 4335
2249 38 4361
2256 247 4335
2258 95 4349
5644 21 4335
5639 4 4335
7564 31 4341
5655 139 4310 4361
2277 8 4335
5658 10 4335
5668 4 4335
5647 8 4335
5667 5 4335
5670 2 4335
2290 120 4384
5666 5 4335
5671 3 4335
2297 164 4338
5684 18 4338
2298 48 4349 4365
5692 21 4338
5697 230 4338
2323 111 4385
2322 19 4349
2326 252 4323 4349 4373 4384
2328 215 4323
5750 4 4338
5747 2 4338
5749 2 4338
5760 3 4310
2371 124 4323 4361
2369 189 4310 4315
5783 23 4310
2375 49 4331 4365 4384
5773 75 4361
2381 71 4315 4335
2387 66 4315 4335
5796 191 4310 4361
5787 32 4310
5800 222 4310
5802 385 4341 4361
5811 79 4361
5806 83 4361
2410 34 4310
5814 144 4310
2411 141 4323 4386
5816 84 4361
5817 75 4361
5819 61 4310
5822 98 4341 4361
11 743 4335 4384
20 187 4373
24 309 4310 4338 4349 4373
37 20 4310
36 227 4303
53 39 4335 4389
27 102 4335
72 164 4335
86 122 4338
87 195 4332 4338
90 72 4335
68 275 4310 4335 4338 4351 4373
109 190 4361
122 213 4335 4365 4384
127 132 4373
136 99 4335
147 58 4310 4365 4384
154 61 4310
173 334 4310
187 37 4384
4756 34 4335
4781 27 4335
4824 101 4310 4335 4338
4829 78 4315
4832 7 4361
4843 24 4335
4846 34 4335
4879 28 4341
4894 79 4310 4335
4891 7 4335
4899 169 4310 4315 4335 4361
4936 2 4335
4934 6 4335
4948 214 4315 4335 4338
4964 60 4310
4967 361 4310 4315 4335 4338 4355
4974 44 4310 4315
4980 16 4335
4976 23 4310
4981 53 4335
4982 43 4335
4988 23 4310
5002 115 4310 4315
5006 28 4335
5012 14 4335
5017 9 4335
5028 43 4361
5020 139 4335
5053 52 4335
5079 271 4310 4335 4338 4361
5106 33 4335
556 121 4338
600 214 4310 4338 4384
634 150 4323
637 25 4335
645 16 4315
695 118 4365 4384
737 232 4335
749 66 4335
742 93 4384 4385 4386
759 77 4338
763 68 4335
766 773 4310 4315 4323 4335 4338 4341
784 224 4349 4373 4384
789 317 4315 4335 4338 4355
795 60 4384
798 16 4349 4351 4365 4373 4384
805 90 4384
825 165 4310
841 61 4335
3375 43 4385
2744 39 4335
3373 12 4323
2747 79 4365 4384
3394 156 4315 4373 4385 4386
3393 10 4335
2775 35 4384
3402 122 4335 4349
3404 89 4310
3390 60 4335 4338
2793 6 4335
3417 30 4310
2811 19 4315 4335
3447 271 4310 4335 4355 4361
3445 21 4335
3451 98 4311 4323 4331 4332 4335 4349 4365 4373 4384 4385 4386
3439 88 4351 4365
3449 314 4310 4315 4335 4338
3453 319 4310 4315 4335 4338 4355
2831 39 4310
3452 131 4310 4349
3458 69 4338
3454 148 4311 4331 4335 4384
2832 50 4349 4351 4373 4384
3457 166 4315 4323 4335
3456 241 4310 4338 4351 4361 4384 4385
3461 101 4335
3459 92 4310 4355
3462 54 4338
2851 44 4335
3469 23 4335
3479 102 4323 4332 4335 4351 4365 4385
2859 139 4331 4332 4335 4351 4365 4373 4384 4385 4386
3478 42 4338
3488 16 4365
2871 282 4315 4335 4338
3498 114 4335
2883 28 4310
3521 29 4384
3530 3 4349
3540 4 4349
2909 57 4310 4335
3554 6 4373
3563 3 4341
2932 62 4323 4365 4373
3567 18 4335
3568 147 4323 4335 4373
3586 156 4310
2972 357 4315 4331 4335 4338 4351 4361
2967 238 4335
3601 52 4310
2968 55 4349
2983 28 4335
2988 55 4310 4335
3614 205 4310 4315 4335 4338
3615 144 4349 4365 4384
3624 64 4335 4359 4384
3633 48 4349
3009 51 4338 4365 4373 4384
3630 32 4373
3631 91 4335 4349
3635 63 4311 4331 4332 4373 4384 4386
