2117 23 4808 4811 4820 4827 4875
5479 28 4884
7362 8 4884
5487 30 4846
2129 44 4808
2135 146 4811 4820 4827 4846 4899
2145 145 4827 4875
5524 389 4828 4875
5531 243 4828 4875 4884 4899
5543 137 4828
2186 61 4828
5562 13 4875
5577 8 4846
2226 28 4827
7492 3 4875
7493 4 4875
5606 28 4899
5612 66 4828
7514 3 4879
2237 241 4808 4811 4814 4824 4827 4828
2256 247 4809 4811
2257 49 4827
2289 14 4876
7580 19 4884
7597 4 4884
7598 33 4884
2297 164 4811
7608 2 4884
2299 67 4824
5704 4 4828
2323 111 4820
2326 252 4811
5739 45 4828 4875
2369 189 4824 4828 4875
5776 14 4899
2384 72 4828
2375 49 4875
2381 71 4875
2387 66 4828 4846 4875
5796 191 4828 4875
5787 32 4828 4875
5800 222 4884
2398 62 4811
5802 385 4875 4879 4884
5804 33 4828
5809 21 4875
5817 75 4828
11 743 4808 4811 4814 4820 4827
24 309 4811 4827
44 44 4875
27 102 4828
86 122 4828
103 68 4808
68 275 4828 4875 4884 4896
113 89 4820
127 132 4811
154 61 4875
173 334 4828 4875
166 93 4875
4741 3 4828
4749 3 4820
4757 6 4808 4811 4814
4764 53 4875
4774 13 4808 4811 4814 4827 4831
4805 2 4808 4814
4814 20 4827
4813 46 4814 4846
4818 28 4820
4824 101 4828 4899
4829 78 4824 4831 4866
4843 24 4879
4859 30 4828
4860 2 4875
4846 34 4824 4828
4851 3 4846
4874 3 4875
4870 2 4875
4879 28 4887
4894 79 4828 4846
4899 169 4824 4828
4924 10 4875
4948 214 4824 4828 4846
4967 361 4824 4828 4846 4899
4974 44 4828
4970 8 4875
4976 23 4824 4828
4982 43 4828 4846
5006 28 4828
5009 14 4899
5022 172 4875
5020 139 4824 4875
5053 52 4884
5069 5 4866
5079 271 4824 4828 4846 4875 4899
5085 4 4828
580 30 4899
582 34 4808 4811 4875
637 25 4820
663 158 4846
722 264 4820
727 32 4828
737 232 4875
742 93 4820 4875
697 100 4820
766 773 4808 4814 4820 4824 4827 4828 4846 4879 4884 4899
762 50 4875
784 224 4820 4875
789 317 4808 4811 4814 4820 4824 4827 4828 4875
813 272 4828
825 165 4820 4827
841 61 4828
2747 79 4811
3378 41 4846
3381 180 4884
3394 156 4811
2765 29 4875
2760 23 4828
3402 122 4808 4820 4827 4828
3404 89 4884
3390 60 4827 4899
2802 9 4875
2790 173 4811 4875
2793 6 4828
2811 19 4831
3433 9 4875
3447 271 4814 4815 4827 4828 4846 4879
3451 98 4808 4811 4822 4827 4831 4875
3449 314 4808 4811 4814 4820 4824 4827 4828 4846 4875
3453 319 4808 4811 4814 4822 4824 4827 4828 4831 4875 4879 4880 4899
2831 39 4846
3455 68 4820 4828
3452 131 4811 4815 4827 4875
3458 69 4828
3454 148 4808 4811 4814 4822 4875
2832 50 4814 4820 4875
3457 166 4815 4822 4827 4828 4875 4879
3460 22 4875
3456 241 4827 4828 4899
3461 101 4808 4809 4811 4815 4828 4875
3459 92 4875
3463 56 4808 4811 4814 4820 4827
3462 54 4811
3469 23 4827
3479 102 4814 4827 4828 4875
2859 139 4811 4820 4831
3478 42 4828
2871 282 4820 4824 4827
3498 114 4811 4846 4899
3522 71 4824 4831 4875
2889 14 4899
2932 62 4814 4875
2935 36 4815
3568 147 4811
3586 156 4828 4875
3593 26 4884
2972 357 4811 4814 4815 4824 4827 4828 4831 4846 4866 4899
2967 238 4811 4814 4827 4828
3601 52 4820
2988 55 4884
3614 205 4824 4828 4846
3631 91 4846
3635 63 4875
