7350 21 7414
7354 4 7478
7389 2 7450
7386 25 7434
5501 3 7478
7390 24 7423 7442 7443
7391 52 7443
7405 18 7443
7400 15 7414 7450
5524 389 7400 7414 7422 7436 7442 7443 7450 7478 7497
7421 9 7422
7393 12 7414
7413 2 7414
5531 243 7414 7422 7450 7478
5543 137 7414 7478
7444 3 7450
7441 3 7442
7449 39 7450
7476 2 7478
4532 8 7478
7517 2 7493
2258 95 7422 7478
7415 6 7400
7565 3 7400
7150 10 7400
2276 32 7478 7490
5655 139 7440 7498
2285 17 7478
2328 215 7400 7414
7649 10 7443
7679 26 7443
7697 19 7443
5773 75 7414 7436
5796 191 7414 7443
5800 222 7400 7422 7443 7491 7493
7744 50 7449
5802 385 7400 7414 7422 7436 7442 7443 7449 7450 7478 7491 7497
5811 79 7407 7414 7423 7434
5806 83 7400 7414 7422 7439 7497 7498
5807 27 7434 7440 7498
5814 144 7414 7434
5816 84 7422 7478
5820 20 7449
5819 61 7400
5822 98 7414 7422
30 5 7478
72 164 7478
87 195 7478
109 190 7400 7414
136 99 7442
155 28 7400 7493
199 17 7442
4792 62 7414
4832 7 7478
4843 24 7478
4879 28 7414
4915 6 7414
4948 214 7400 7414 7443
4974 44 7414
4994 19 7414
5002 115 7414 7442
5020 139 7478
5079 271 7478
580 30 7400
737 232 7422 7442 7449 7450 7493
766 773 7400 7414 7443 7450 7478 7493
3367 3 7400
3381 180 7414 7422 7443 7450 7478
3447 271 7414
3457 166 7400 7442 7478
3456 241 7400 7414 7450
2839 5 7422
3462 54 7478
3498 114 7478
3586 156 7400 7414 7436
3600 12 7478
