5479 28 6560
7378 38 6523
7390 24 6555
7391 52 6523
2145 145 6554
5524 389 6501 6503 6505 6523 6528 6552 6554 6555 6560 6566 6570 6576 6589 6594
5532 26 6566
5531 243 6501 6503 6505 6528 6552 6553 6560 6566 6567 6576 6589 6594 6599
5193 18 6505 6553 6595
5543 137 6555 6570 6589 6594
5582 105 6505 6528 6554 6566 6570 6576
5584 12 6576
5596 30 6543
5591 27 6566
2226 28 6523
7490 27 6560
2240 108 6567 6576
5612 66 6528 6553 6560
5616 15 6560
5617 22 6595
2249 38 6503 6599
5630 36 6505
2258 95 6571 6595
7544 11 6555
2264 58 6554 6594
7150 10 6555
5655 139 6505 6523 6530 6555 6567 6590
5666 5 6560
7598 33 6555
2297 164 6566
5691 49 6571
5692 21 6560
7614 39 6523 6555 6560
5696 50 6599
7618 3 6523
5697 230 6501 6505 6511 6523 6528 6532 6552 6554 6560 6570 6576 6595
5709 11 6529 6566
2328 215 6576
5731 2 6528
5739 45 6554
7666 14 6555
7679 26 6555
5753 4 6528 6554
7682 36 6560
7687 3 6560
2369 189 6523 6566 6571 6576 6596
5768 13 6576 6599
5773 75 6555 6560
7716 2 6523
6367 2 6523
7719 4 6523
5772 15 6560
7717 2 6523
7733 45 6555
5796 191 6501 6505 6528 6552 6555 6560 6566 6567 6570 6576 6599
5800 222 6523 6555 6560 6595
5797 3 6501
7744 50 6555
5802 385 6501 6503 6505 6511 6523 6528 6530 6553 6554 6555 6560 6570 6576 6589 6590 6592 6594
5811 79 6511 6523 6530 6554 6560 6566
7755 13 6560
5805 16 6501
5807 27 6552
5814 144 6560
5812 41 6560
5816 84 6505 6528 6553 6554 6566 6570 6576 6599
5820 20 6523 6596
7766 13 6555
5817 75 6503 6523 6596
5819 61 6505 6511 6589
5822 98 6503 6505 6552
5818 67 6576 6599
24 309 6566
29 150 6503
72 164 6566
87 195 6553
99 24 6560 6592
103 68 6589
68 275 6505 6599
109 190 6505 6511 6523 6528 6529 6552 6555 6567 6576 6596
113 89 6555
136 99 6505 6560
166 93 6523 6560
4756 34 6560
4748 38 6571 6590 6594 6599
4764 53 6560
4792 62 6560
4814 20 6503
4813 46 6505 6576 6589
4829 78 6560
4832 7 6503
4833 6 6595
4894 79 6529 6592
4899 169 6554
4915 6 6503
4948 214 6555
4960 8 6505
4967 361 6501 6505 6523 6528 6552 6554 6560 6570 6589 6594 6595 6599
4976 23 6505
4981 53 6555 6560
5002 115 6501 6552 6555 6594
5022 172 6501 6511 6523 6528 6552 6553 6554 6555 6566 6571 6576 6594 6595 6599
5079 271 6505 6523 6552 6555 6560 6566 6576 6594
545 24 6560
546 142 6523 6553 6576 6590
600 214 6560 6566
643 46 6589
737 232 6523 6560 6566 6567 6576 6595 6596 6599
766 773 6501 6505 6528 6554 6555 6566 6570 6576 6589 6594 6595
789 317 6505 6553
791 41 6566
825 165 6590 6592
3381 180 6501 6566 6594 6595 6599
3404 89 6555
3447 271 6501 6505 6555 6576
3439 88 6501
3449 314 6576
3453 319 6505 6528 6553 6554 6567 6571
3457 166 6505 6529 6543
3456 241 6523 6560 6595
3459 92 6576
3462 54 6501
2855 16 6552 6594
3522 71 6553
3527 64 6560
2909 57 6594
2940 123 6505 6595
3585 2 6505
3586 156 6501 6505 6555
2972 357 6501 6503 6505 6511 6528 6543 6554 6555 6560 6566 6570 6576 6589 6594 6596
3000 43 6599
