7352 15 6447
7378 38 6417 6422
2135 146 6496
7386 25 6422
7390 24 6424
7394 5 6424
7391 52 6422
7400 15 6417
2145 145 6414 6437 6441 6498
5524 389 6407 6414 6417 6422 6437 6441 6458 6481 6496
7417 2 6442
7418 2 6442
5531 243 6400 6414 6417 6437 6441 6442 6458 6481 6496 6498
5193 18 6498
2172 29 6407
2174 65 6498
7443 10 6414
5551 8 6481
7449 39 6422
5553 46 6496
5582 105 6432 6437 6441 6458 6481 6496
5596 30 6407 6496
5591 27 6400 6409 6414 6417 6432
7490 27 6424
5612 66 6441
2249 38 6417
2256 247 6409 6422 6432
5630 36 6441
2258 95 6414
5644 21 6417
2264 58 6458
2276 32 6422
5655 139 6407 6424 6462 6464 6491
7580 19 6424
2297 164 6437 6442
7614 39 6422
5696 50 6432 6441 6458 6496
5697 230 6400 6417 6432 6437 6441 6458 6474 6481 6496
5709 11 6427 6472
5714 44 6437 6458 6481
5721 10 6414
5739 45 6424 6435
7675 25 6422
7682 36 6422
2369 189 6414 6447 6458
2375 49 6441
5773 75 6414
2376 26 6437 6441
5775 42 6458
2381 71 6400 6498
7733 45 6414 6422
5796 191 6400 6407 6414 6442 6481 6496 6498
5788 5 6447
5800 222 6414 6417 6424 6441 6442 6447
5798 12 6409 6427
5799 23 6407 6432 6435 6437
7743 13 6422
5802 385 6400 6407 6409 6414 6417 6424 6435 6437 6441 6442 6447 6458 6462 6464 6472 6474 6481 6491 6496
5804 33 6458
5811 79 6414 6432 6441 6472 6491 6498
5806 83 6424 6441
5805 16 6424 6462
5807 27 6417
2410 34 6414
5814 144 6409 6417 6422 6437 6498
5812 41 6458 6498
5810 29 6442
5813 2 6417
5816 84 6432 6441 6498
5820 20 6414
5817 75 6414 6481
7769 19 6414
7768 11 6414
5819 61 6432 6441
5822 98 6424 6432 6435 6437
5818 67 6400 6441 6458
11 743 6496
24 309 6441 6496
36 227 6437 6496
42 89 6437 6458
44 44 6432 6437
29 150 6498
72 164 6437
87 195 6400 6407 6437 6441 6458 6496
68 275 6400 6407 6437
109 190 6407 6417 6437 6442 6458 6464 6481
122 213 6498
113 89 6437
136 99 6441 6472 6498
172 123 6441 6498
173 334 6414
177 19 6496
182 79 6400
4764 53 6442
4781 27 6458
4792 62 6421
4814 20 6422
4813 46 6441 6458 6481 6498
4894 79 6417 6424 6435 6474
4899 169 6441 6458 6481 6498
4948 214 6481
4966 25 6472
4960 8 6437
4964 60 6407 6414
4967 361 6407 6409 6432 6437 6441 6458 6481 6496
4970 8 6437
4988 23 6424
5002 115 6481
5012 14 6441
5022 172 6407 6409 6417 6424 6432 6441 6474 6498
5028 43 6409 6414 6498
5020 139 6400 6414 6422
5053 52 6496
5061 13 6407
5079 271 6417 6422 6427 6432 6437 6481
544 2 6458
546 142 6407 6421 6441
608 3 6414
643 46 6400
658 6 6458
695 118 6437
722 264 6432
737 232 6414 6417 6421 6422 6442 6447 6496
749 66 6498
742 93 6424
766 773 6414 6417 6432 6437 6441 6442 6458 6481 6496
788 113 6400 6407 6409 6417 6422
789 317 6432 6481
791 41 6417
813 272 6400
3381 180 6414 6417 6432 6441 6442 6498
2765 29 6441
2774 46 6437
2775 35 6437
3447 271 6414 6474 6481
3449 314 6400 6432
3453 319 6481 6496
3456 241 6437 6458 6481 6496 6498
3459 92 6432 6441 6481
2839 5 6417 6442
2851 44 6437 6442
3478 42 6458
3535 5 6437
3508 11 6496
2940 123 6462 6496
3586 156 6407 6414 6427 6464 6481
2972 357 6414 6435 6441 6458 6462 6472 6474 6481 6491 6498
2967 238 6400
3600 12 6417
2988 55 6400
3000 43 6424
3009 51 6417
3010 123 6441
