7350 21 7381
7352 15 7378 7386
7354 4 7351
5485 21 7386
7362 8 7381
7371 2 7373
2120 122 7323
7379 7 7381
7378 38 7381 7386
7380 3 7381
7357 9 7391
7386 25 7387
7321 3 7389
7391 52 7341
5524 389 7301 7304 7341 7351 7362 7373 7378 7381 7386 7391 7393
5531 243 7351 7373 7378 7397
5543 137 7373
5551 8 7391
7449 39 7341 7393
5553 46 7386
5582 105 7301 7306
5596 30 7359
7492 3 7378
2249 38 7301
2258 95 7373
5656 5 7359
5655 139 7304 7306 7315 7316 7359 7362 7373 7378 7386
7588 8 7391
7598 33 7386
2297 164 7341
7614 39 7386
5697 230 7362 7393
5738 14 7391
7666 14 7397
7675 25 7386 7397
7679 26 7391
7682 36 7386
7685 13 7391
2369 189 7386 7389
5768 13 7391
5776 14 7391
5773 75 7315
5775 42 7378
7727 30 7341 7391
7733 45 7389
5796 191 7301 7351 7381
5800 222 7341 7351 7373 7389
5802 385 7301 7304 7351 7362 7373 7378 7381 7391 7397
5804 33 7386
5811 79 7304 7351 7381
7755 13 7386
5806 83 7315 7319 7341 7373 7381
2411 141 7304
5820 20 7393
5817 75 7301 7351 7373
7768 11 7393
5822 98 7301 7315 7351 7381 7386
87 195 7381
103 68 7381
68 275 7341
109 190 7373 7393
136 99 7301
4764 53 7373
4788 20 7389
4814 20 7301
4879 28 7362 7378 7386 7397
4894 79 7362
4899 169 7373 7381
4943 31 7301
4948 214 7341 7389 7391
4981 53 7341
4994 19 7381
5002 115 7301 7373
5053 52 7381
5059 26 7301 7306 7318
5068 10 7381
5079 271 7319
5106 33 7365 7397
737 232 7323 7341 7351 7373 7386 7391 7397
766 773 7341 7381
762 50 7378
3381 180 7301 7373 7378 7381
3447 271 7351 7381
3457 166 7306
3456 241 7393
3459 92 7301
2908 12 7301
2932 62 7301
2931 2 7316
2940 123 7301 7389
3586 156 7301 7351 7381
2983 28 7391
3631 91 7391
3635 63 7378
