2117 23 1049
2118 113 1018 1049 1097
5487 30 1026
2120 122 1012 1024 1049
7379 7 1026
2133 129 1018 1031 1035 1049 1097
2156 41 1012 1035 1061
5524 389 1026
2169 32 1031 1035
5531 243 1026
2186 61 1026
2193 12 1031
2206 14 1097
2210 17 1061
2226 28 1018
2225 34 1049
2231 66 1012 1018
2240 108 1018 1026 1031 1074
2229 143 1097
2233 36 1035 1097
2236 75 1061
2241 14 1097
5617 22 1026
2256 247 1012 1049
2251 25 1061
2257 49 1018
2255 31 1031
2258 95 1026
2264 58 1024 1049
7415 6 1026
7565 3 1026
2274 48 1012 1018
2276 32 1026
7578 28 1026
7579 9 1026
2286 6 1035
7580 19 1026
2298 48 1012
5697 230 1026
2322 19 1031
2326 252 1031
2328 215 1012 1018 1035 1049 1097
2332 36 1012 1018 1049
2272 31 1031
2352 2 1031
2364 14 1035
2357 12 1035
2366 7 1097
2363 4 1035
2365 77 1035
2368 17 1097
2371 124 1012
2367 8 1097
2369 189 1026
2375 49 1018 1049
5796 191 1026 1074
5800 222 1026
2398 62 1012
5802 385 1026
5806 83 1026
2306 4 1049
5816 84 1026
5817 75 1026 1074
2416 37 1012 1018
5819 61 1074
9 81 1049
8 182 1092
6 302 1007 1014 1022 1026 1032 1035 1043 1055 1062
11 743 1000 1006 1012 1018 1022 1031 1032 1034 1035 1049 1055 1061 1062 1075 1080 1092 1097
12 65 1014
15 50 1006
14 114 1031 1053 1080
21 76 1014 1049
20 187 1034 1044 1055 1062 1075
23 74 1014 1029 1039 1053 1061
24 309 1018 1034 1043 1053 1075 1080
28 133 1014 1026 1030 1077
35 65 1023 1026 1075
36 227 1023 1026 1038 1075
39 41 1007
42 89 1024 1026 1053 1075
56 24 1077
49 15 1031
29 150 1014 1026 1053 1061 1080
55 64 1014 1020 1030 1080
59 94 1000 1034
27 102 1092
72 164 1007 1023 1026 1031 1035 1053 1062
66 44 1012 1026 1075
75 31 1077
79 53 1014 1020 1053
80 59 1026
89 29 1020 1026 1031
86 122 1007 1014 1026
71 109 1014 1026 1034
87 195 1022 1026 1053 1055 1092
90 72 1007
94 80 1053
104 30 1077
68 275 1026
109 190 1018 1074
111 29 1075
110 95 1007 1014 1092
122 213 1026
113 89 1014
127 132 1007 1014 1026
128 80 1012
142 25 1014
143 94 1032 1062 1075
145 18 1080
147 58 1007 1014 1026
154 61 1053
152 21 1077
157 44 1014 1053 1055
172 123 1012
173 334 1000 1007 1022 1023 1026 1031 1032 1034 1035 1053 1055 1061 1075
171 70 1000 1022 1035 1043 1062
74 69 1026 1053
176 39 1043
178 63 1014
180 54 1026 1031
182 79 1006 1007 1026 1043 1092
197 11 1075 1080
201 21 1023 1026 1043
4862 4 1026
4879 28 1026
4943 31 1024
4963 13 1024
4967 361 1074
4975 2 1024
4976 23 1024
2346 4 1024
5022 172 1074
5020 139 1026
5079 271 1074
218 2 1077
545 24 1026
546 142 1026 1034
552 2 1026
560 8 1080
556 121 1035 1044 1053 1075
590 8 1026 1062
583 26 1026
586 13 1080
588 22 1035
600 214 1023 1026 1049 1053 1075 1080
633 55 1020 1026
626 31 1000
634 150 1006 1044 1061
647 32 1031 1053
635 66 1012 1014 1020 1026 1035
637 25 1014 1026
643 46 1023 1026 1053
644 27 1022
649 40 1007 1014
650 98 1020 1026 1030 1053
663 158 1007 1020 1026 1043 1053
639 31 1023 1026 1030
689 47 1018 1039
686 83 1022 1032 1035 1038 1039 1043 1062 1080
695 118 1014
691 24 1043
704 81 1007 1026 1034 1097
705 28 1007 1029 1062
706 95 1014 1053 1080
707 123 1007 1020 1023 1026 1030 1038 1039 1053 1055 1061 1062 1075
708 51 1031 1039 1092
710 105 1026 1038 1043 1044 1053 1055 1062 1092
696 6 1026
715 23 1006 1062 1075
722 264 1018 1026 1049 1053
725 6 1006 1053
730 34 1022 1026 1031 1035
733 8 1026
749 66 1039
742 93 1006 1007 1023 1026 1038 1039 1053
697 100 1007 1014 1023 1026 1032 1039 1062 1092
321 27 1023 1026 1053
759 77 1014 1053 1075 1080
763 68 1049
766 773 1024 1026 1031 1035 1049
762 50 1012 1026 1029 1053
769 146 1006 1018 1026 1031 1034 1043 1044 1049 1053 1080
794 18 1014
788 113 1012 1023 1039 1053
784 224 1006 1007 1014 1031 1053 1080
789 317 1006 1007 1014 1026 1053 1061 1080
791 41 1022 1053
795 60 1014 1023 1034 1053
796 6 1031
810 34 1007 1029
805 90 1055 1097
808 4 1043
813 272 1018 1031 1035 1049 1055 1097
334 41 1014 1023
823 15 1026
826 249 1049 1055 1061
825 165 1026
844 45 1007 1014 1026 1043 1044 1053
2744 39 1026
3453 319 1024 1026
3455 68 1024
3452 131 1024
3458 69 1024
3457 166 1024
2940 123 1026
3587 15 1026
2958 47 1026
3586 156 1026
3601 52 1026
3614 205 1024
