2114 39 3404
5484 22 3459
7352 15 3459
2118 113 3408 3417 3433 3439 3454
2120 122 3409 3429 3459 3480
2129 44 3404 3439 3454
5462 19 3456
2135 146 3452 3456 3480
5512 2 3456
2144 23 3454 3456 3459
2145 145 3439 3473
5524 389 3459 3498
5521 3 3456
5526 6 3459
5531 243 3459 3479
2172 29 3479
7428 2 3459
2174 65 3439 3486
5543 137 3456 3459 3498
5544 4 3456
2186 61 3408
2209 31 3473 3489
5582 105 3498
2226 28 3459
2225 34 3452
2240 108 3408
2229 143 3408
5612 66 3459
2237 241 3404 3408 3417 3433 3439 3443 3447 3453 3454 3456 3464 3480 3498
5620 7 3459
5617 22 3459
7376 4 3459
2041 6 3408
2249 38 3479
2256 247 3404 3409 3410 3429 3435 3443 3446 3456 3461 3473 3479 3483 3486 3489
2252 22 3461
2257 49 3408 3435 3439 3464 3465 3473
5630 36 3498
2258 95 3480
7549 2 3459
2264 58 3456
7554 3 3459
2276 32 3459
2285 17 3408
2290 120 3404 3480
2297 164 3435 3454 3456 3473 3489
2298 48 3483
2299 67 3459
5691 49 3459
5696 50 3479
5697 230 3459 3479 3498
2323 111 3443 3456 3480
2326 252 3404 3408 3435 3439 3443 3446 3455 3460 3473 3480 3483 3486 3489
2328 215 3459 3479 3480
2332 36 3408 3409 3410 3429
5739 45 3459
2365 77 3443
2368 17 3443
2369 189 3417 3447 3456 3459 3498
2384 72 3417 3435 3443 3498
5773 75 3459
5775 42 3459
5771 9 3459
2381 71 3443 3456 3459 3479
5772 15 3459
2379 45 3480 3483
2387 66 3417 3456 3460
5796 191 3459 3498
5787 32 3498
2398 62 3443 3454
5799 23 3479
5802 385 3459
2410 34 3456
5814 144 3459
2411 141 3408 3439 3446 3473 3483 3486 3489
5808 6 3479
5812 41 3459 3479
5816 84 3459 3479
5817 75 3459
5819 61 3498
5822 98 3459
5818 67 3459 3479 3498
11 743 3404 3433 3439 3443 3447 3452 3453 3454 3458 3463 3464 3480
20 187 3456
24 309 3408 3410 3439 3443 3447 3452 3456 3458 3473
37 20 3456
36 227 3443 3454 3456 3480 3489
46 59 3435
42 89 3408
59 94 3408
27 102 3456
72 164 3443 3459 3479 3498
66 44 3464
89 29 3404
86 122 3443
87 195 3443 3453 3460 3464 3473 3479
90 72 3435
68 275 3435 3439 3443 3454 3459 3473 3489 3498
109 190 3459
122 213 3404 3435 3439 3443 3453 3456 3458 3480 3489
113 89 3439 3489
127 132 3443 3456
155 28 3459
172 123 3408 3435 3473 3489
161 32 3429
173 334 3408 3443 3452 3456
180 54 3480
166 93 3459
4746 18 3458
4764 53 3459
4781 27 3498
4788 20 3460
4792 62 3447
4814 20 3455
4813 46 3456 3479 3498
4818 28 3455
4824 101 3456 3459
4829 78 3417 3456 3459 3460
4837 2 3498
4859 30 3447 3452
4846 34 3456
4852 3 3498
4866 2 3433
4879 28 3459
4885 4 3447 3455
4893 5 3433
4891 7 3433
4899 169 3417 3456 3460
4929 9 3456
4932 2 3433
4933 3 3433
4934 6 3456
4948 214 3417 3447 3452 3455 3456 3459 3460
4963 13 3455
4964 60 3447
4967 361 3417 3456 3459 3460 3479 3498
4938 12 3417
4974 44 3447
4975 2 3455
4973 8 3452
4982 43 3455
4989 7 3447 3458
5002 115 3456 3459
5006 28 3456 3458 3459
5012 14 3417 3447
5008 27 3447 3456
5010 4 3447
5011 10 3447
5009 14 3447
5013 7 3447
5022 172 3459 3479
5029 26 3417 3452 3456
5037 18 3459
5028 43 3452
5020 139 3417 3456 3459 3460
5039 7 3455
5053 52 3498
5068 10 3455
5072 3 3498
5079 271 3417 3456 3459 3460 3479 3498
5089 8 3479
545 24 3459
546 142 3443 3452 3479
553 22 3408
556 121 3408 3439 3458
582 34 3460 3464
583 26 3443
600 214 3408 3443 3458
634 150 3455 3456
635 66 3489
665 7 3408
663 158 3452 3456
667 19 3404
690 3 3456
695 118 3404 3443
704 81 3473
708 51 3473
710 105 3456
722 264 3408 3435 3443 3480
724 4 3404
727 32 3433
737 232 3452 3458 3459
749 66 3417 3435
742 93 3460 3464
697 100 3456 3498
759 77 3473
766 773 3408 3417 3433 3443 3447 3452 3453 3454 3455 3456 3458 3459 3460 3464 3473 3483 3486 3489 3498
769 146 3408 3479 3480
788 113 3479
784 224 3439 3443 3489
789 317 3417 3433 3447 3452 3455 3456 3458 3460 3498
791 41 3459
798 16 3439
804 6 3435
805 90 3435 3443
813 272 3404 3433 3473 3489
823 15 3465
826 249 3408 3446 3473 3489
836 26 3480
825 165 3447 3456 3473
3375 43 3464
3377 4 3489
2747 79 3404 3439 3480 3483
3374 4 3489
3379 19 3473 3489
3378 41 3417 3443 3452
2752 7 3456
3381 180 3489
3380 42 3408 3409 3439
3394 156 3404 3409 3410 3439 3446 3447 3453 3454 3455 3456 3473 3480 3483
3392 33 3454
3399 3 3408
3397 3 3408
3403 3 3408
2774 46 3456 3480
2775 35 3443 3456
3406 4 3408
3402 122 3433 3439 3443 3452 3453 3454 3455 3460 3464 3489
3404 89 3408 3417 3454 3480 3489
3390 60 3408 3417 3435 3460
2791 15 3473
2790 173 3404 3408 3439 3443 3446 3459 3464 3473 3480 3483 3486
3417 30 3404 3447 3460
2811 19 3456
3443 20 3456
2654 104 3404 3446 3486
3448 3 3464
3447 271 3417 3452 3453 3455 3456 3458 3459 3464 3479
2819 18 3410 3439
3445 21 3439 3443
3451 98 3439 3453 3454 3460 3464
2822 43 3404
3439 88 3456 3461 3473
3449 314 3417 3433 3443 3447 3452 3453 3454 3456 3458 3460 3464 3479 3498
3450 27 3443 3454 3464
3453 319 3417 3433 3443 3447 3452 3454 3456 3459 3460 3464 3479
2831 39 3480
3455 68 3433 3443 3447 3453 3460 3464
2799 8 3483
3452 131 3417 3433 3439 3443 3447 3453 3455 3456 3464 3498
3458 69 3447 3453 3454 3456 3464 3480 3498
3454 148 3433 3439 3443 3447 3452 3455 3464
2832 50 3439 3443
3457 166 3404 3417 3433 3455 3461 3464
3460 22 3464
3465 3 3459
3456 241 3417 3433 3439 3443 3447 3452 3453 3454 3458 3459 3460 3464 3498
3461 101 3447 3454 3455 3456 3464
3459 92 3456 3464
3463 56 3443 3454 3464
3462 54 3433 3443 3464
3468 3 3473 3489
3466 17 3459 3473
3470 21 3473 3489
3469 23 3433 3452 3473
3477 53 3404
3472 15 3460 3473
3471 2 3473
3479 102 3417 3439 3456
3480 18 3458
3482 24 3480
3483 20 3417
3481 17 3480
2859 139 3404 3408 3439 3443 3453 3454 3473 3486 3489
3478 42 3479
3488 16 3489
2871 282 3439 3443 3447 3452 3455 3456
3498 114 3443 3452 3456 3460
2883 28 3408
2568 4 3453
3522 71 3447 3453 3455 3456
3519 48 3443 3456
2889 14 3459
3525 16 3404
3521 29 3443 3498
3386 12 3456
3527 64 3480 3483
3541 81 3404 3454 3480
3542 5 3453
2909 57 3417 3443 3456
2923 35 3454
2932 62 3417 3439 3454 3480
2935 36 3447 3452 3455
3564 2 3480
2940 123 3404 3408 3480 3489
3568 147 3417 3439 3443 3454 3456 3460 3463 3479
2947 10 3489
2951 19 3489
3587 15 3459
2958 47 3439
3586 156 3498
3593 26 3456
3591 13 3454
2964 70 3408 3453
2972 357 3417 3433 3439 3447 3452 3453 3454 3456 3460 3479 3498
2967 238 3404 3435 3439 3447 3453 3455 3456 3458 3463 3479
3601 52 3459
2968 55 3454 3456 3473 3489
2974 15 3480
3597 13 3404
3603 12 3433
3607 24 3456
3611 22 3404
2988 55 3404
3614 205 3417 3443 3447 3452 3455 3456 3458 3459 3460
3615 144 3404 3439 3443 3452 3453 3455 3456 3483
3622 22 3480
3624 64 3404 3461
3001 7 3408
3002 5 3456
3000 43 3408 3456
3633 48 3480
3630 32 3439 3454
3631 91 3452 3456 3463
3010 123 3404 3408 3435 3473 3480 3483
3635 63 3439 3454
3004 3 3443
3634 82 3443 3456
