2116 20 3804
2118 113 3806 3812 3892 3898
5487 30 3873
2120 122 3835
2129 44 3800 3812
2135 146 3807 3873 3880 3887
7400 15 3885
2145 145 3800 3807 3843 3873
5524 389 3803 3809 3830 3842 3873 3885 3897
2160 26 3812
5526 6 3803
5531 243 3803 3842 3873 3885 3897
2172 29 3897
5543 137 3830 3873
5563 2 3873
2193 12 3811
5562 13 3897
5579 2 3897
5582 105 3803 3830
5589 11 3873 3897
2223 15 3892
5600 8 3897
5608 16 3897
2230 49 3875
2240 108 3842
2229 143 3813
2237 241 3800 3807 3812 3847 3871 3887 3892
2256 247 3800 3803 3811 3822 3849 3871 3893 3897
2252 22 3811
2257 49 3885 3892
2258 95 3873
2264 58 3843
2276 32 3897
2290 120 3800 3803 3807 3809 3811 3812 3822 3843 3847 3849 3867 3887 3892
2297 164 3807
2298 48 3806
2299 67 3892
5692 21 3803
5696 50 3873
5697 230 3803 3830 3842 3873 3897
2323 111 3803 3847 3871 3897
5714 44 3897
5721 10 3873
2326 252 3800 3804 3807 3812 3813 3843 3847 3871 3887 3892 3898
2328 215 3800 3892
5739 45 3897
2364 14 3809 3885
2365 77 3812
2371 124 3887
2369 189 3808 3813 3830 3897 3898
2384 72 3871
5773 75 3803
2381 71 3892
2387 66 3897
5796 191 3803 3830 3842 3897
5800 222 3830 3897
5797 3 3897
2398 62 3800 3892
5798 12 3897
5801 2 3897
5799 23 3897
5802 385 3803 3830 3842 3885 3897
5804 33 3897
5811 79 3830 3897
5803 2 3897
5806 83 3873 3885 3897
5805 16 3897
5807 27 3803 3897
5809 21 3897
5814 144 3830 3897
2411 141 3893 3898
5808 6 3897
5812 41 3897
5810 29 3873 3897
5813 2 3897
5816 84 3842 3897
5820 20 3897
5817 75 3897
5815 5 3897
5819 61 3830 3842 3897
5822 98 3873 3897
5818 67 3873 3897
6 302 3892
11 743 3800 3806 3807 3812 3830 3843 3847 3871 3892
12 65 3843
24 309 3800 3843 3854 3898
44 44 3813
47 146 3803 3897
53 39 3812
29 150 3843
59 94 3807
66 44 3803
77 25 3812
86 122 3897
71 109 3800 3804 3892 3897
87 195 3873 3892 3897
90 72 3897
68 275 3806 3807 3816 3892 3897
109 190 3830 3897
122 213 3812 3843 3847 3871 3887
127 132 3804 3897
136 99 3897
143 94 3803
172 123 3812 3892
173 334 3830 3843 3897
178 63 3897
4746 18 3835 3854
4748 38 3835 3898
4764 53 3873
4781 27 3873
4814 20 3854 3897
4813 46 3842 3897
4859 30 3854 3898
4879 28 3885
4894 79 3808 3873
4898 11 3854
4899 169 3813 3842 3843 3897
4943 31 3813
4944 4 3898
4937 17 3854 3898
4948 214 3813 3843 3897
4966 25 3854
4963 13 3854 3898
4964 60 3854
4967 361 3803 3813 3830 3842 3843 3854 3873 3897
4974 44 3843 3897
4973 8 3843 3898
4976 23 3843 3898
4982 43 3813 3897
5002 115 3803 3842 3897
5008 27 3813
5022 172 3830 3842 3873 3897
5028 43 3897
5020 139 3808 3897
5059 26 3809
5079 271 3830 3842 3897
5089 8 3897
546 142 3811
582 34 3812
583 26 3897
600 214 3804 3835
634 150 3803 3892
643 46 3803 3871
663 158 3897
695 118 3807 3892
719 4 3808
722 264 3812 3897
737 232 3842
749 66 3873 3892
763 68 3806
766 773 3803 3804 3806 3812 3813 3830 3835 3842 3843 3854 3856 3871 3873 3887 3897 3898
788 113 3873 3897
784 224 3892
789 317 3830 3843 3854 3897
805 90 3800
813 272 3847 3854 3875
822 11 3854
836 26 3847
825 165 3800 3816 3822 3835 3892
841 61 3803
2740 28 3803 3804 3807
3375 43 3898
2746 25 3843
2747 79 3800 3807 3892
3378 41 3854
3381 180 3803 3873
3394 156 3800 3811 3812 3813 3822 3867 3898
2765 29 3897
3388 15 3835
3392 33 3800 3816 3892
2774 46 3897
3402 122 3843
3404 89 3808 3897
3390 60 3854
2790 173 3800 3803 3807 3809 3856 3893 3897
3417 30 3871
3443 20 3813 3875
2654 104 3800 3822 3867 3898
3447 271 3843 3897 3898
3451 98 3813 3835
2822 43 3847
3439 88 3885 3898
3449 314 3806 3812 3813 3835 3843 3854 3873 3897 3898
3450 27 3812
3453 319 3806 3812 3813 3835 3843 3854 3897 3898
2831 39 3813
3455 68 3843 3898
2799 8 3847
3452 131 3812 3813 3854
3458 69 3843 3847 3873 3887 3892 3897
3454 148 3806 3813 3843 3854 3887 3898
2832 50 3812 3835
3457 166 3812 3843 3856 3871 3887 3892
3460 22 3830
2838 21 3892
3456 241 3806 3812 3843 3873 3897
3461 101 3835 3898
3459 92 3830 3897 3898
3463 56 3806 3812
3469 23 3804
3477 53 3800 3812 3816 3843 3847
3479 102 3843
2855 16 3842
3483 20 3897
3481 17 3807 3867
2859 139 3803 3812 3843 3856 3871
3478 42 3873
3488 16 3892
2872 87 3800 3803 3807 3816 3843 3847 3871 3892
2871 282 3803 3806 3812 3813 3816 3843 3847 3854 3871 3887 3892 3897 3898
3498 114 3835 3897
2883 28 3897
2568 4 3835
2467 4 3871
3522 71 3806
3519 48 3800 3892
3523 28 3804 3807
3525 16 3807
3526 6 3887
3386 12 3892
3527 64 3803 3804 3812 3822 3871 3887 3892 3893
2905 4 3830
3541 81 3803 3807 3809 3812 3847 3849 3871 3887 3888 3892 3893
2909 57 3835 3897
3556 14 3804 3807 3892
3557 10 3871
3555 14 3887 3892
2932 62 3812
3560 16 3803 3843
3561 4 3856
3562 40 3800 3807 3822 3892
2935 36 3835 3854
2940 123 3800 3803 3804 3807 3847 3892 3897
3568 147 3800 3812 3813 3843 3897
3569 42 3803 3804 3807 3871
3528 13 3804
2958 47 3892 3898
3586 156 3830 3873 3897
3593 26 3803
2972 357 3800 3816 3835 3843 3854 3873 3885 3898
2967 238 3806 3813 3843 3847 3854 3871
3601 52 3830 3897
3603 12 3803
3611 22 3847
2989 10 3854
2988 55 3847 3873 3897
3614 205 3843 3854 3897 3898
3615 144 3803 3804 3806 3807 3812 3822 3843 3847 3887 3893
3622 22 3892
3624 64 3800 3811 3892
3000 43 3830
3633 48 3800 3803 3804 3807 3812 3822 3871 3887 3893 3898
3009 51 3812
3630 32 3812 3898
3631 91 3812 3813 3816 3871
3010 123 3807 3847 3871 3887 3892
3635 63 3813
3634 82 3897
