7350 21 6832
7351 2 6832
7352 15 6832
7354 4 6832
5479 28 6832
5489 12 6833 6869
7405 18 6875
2145 145 6855
5524 389 6832 6833 6850 6855 6860 6869 6873 6875 6892 6897
5532 26 6832 6833 6869
5531 243 6803 6832 6833 6850 6855 6860 6869 6897
5193 18 6806
5543 137 6832 6855 6860 6869 6873 6897
5552 8 6833 6869
2186 61 6832
5553 46 6860
5582 105 6833 6855
5596 30 6813
5605 11 6840
2240 108 6832
2256 247 6806
5630 36 6860
2264 58 6833
5656 5 6826
2276 32 6803
5655 139 6809 6832 6833
2277 8 6813
2299 67 6832
5692 21 6855 6892
5697 230 6803 6855 6860 6869 6873 6897
5714 44 6833
2328 215 6832
5738 14 6875
5739 45 6833 6869 6892
7677 12 6875
7679 26 6875
7682 36 6875
5760 3 6832
2369 189 6875
5773 75 6850 6855 6873
2381 71 6833
5772 15 6890
5796 191 6832 6833 6860 6869 6875 6890 6897
5800 222 6806 6832 6860 6869 6873 6890 6892
5802 385 6803 6806 6809 6832 6850 6860 6869 6873 6875
5811 79 6832 6833 6850 6855 6860 6869
5807 27 6805 6897
5814 144 6806 6832 6855 6869
5812 41 6855
5810 29 6869
5816 84 6803 6832 6855
5817 75 6832 6855
5815 5 6871
5822 98 6832 6855 6869
5818 67 6833 6850 6869 6873 6875
24 309 6833 6855 6869
47 146 6875
72 164 6832 6833 6855
103 68 6832
68 275 6832
109 190 6832 6860
136 99 6805 6855
163 9 6875
173 334 6833
166 93 6833 6855
4764 53 6832
4788 20 6833
4792 62 6832 6869
4793 2 6869
4829 78 6856 6873 6892
4883 5 6833
4899 169 6832
4943 31 6832
4948 214 6875
4967 361 6806 6860 6869 6873 6897
4974 44 6832
4994 19 6832 6869
5002 115 6832
5009 14 6855
5022 172 6803 6833 6850 6855 6860 6890 6897
5048 6 6855 6869
5053 52 6832 6897
5079 271 6832 6833 6855 6897
5106 33 6832 6875
546 142 6840
600 214 6833 6855 6892
634 150 6869
637 25 6833
668 2 6897
737 232 6803 6805 6832 6855 6875 6897
742 93 6832
697 100 6873
766 773 6832 6860 6869 6873
769 146 6840
789 317 6855
3381 180 6832 6855 6860 6869 6873 6897
2774 46 6832
2790 173 6833 6869
3447 271 6832 6873
3439 88 6860
3449 314 6869
3453 319 6805 6809 6826 6832 6875
3457 166 6833
3456 241 6832 6869
3459 92 6832 6869
2851 44 6832 6850 6875
3525 16 6855
2909 57 6832
3562 40 6832
2940 123 6897
3576 4 6855
3587 15 6850 6855 6869
3586 156 6832 6833 6875
2972 357 6855 6860 6869
3607 24 6833
2988 55 6832
3614 205 6875
3000 43 6832 6840
