5484 22 5020
7352 15 5079
5485 21 5022
2118 113 5092
5487 30 5079
2120 122 5072 5079
7378 38 5022 5079
2135 146 5002
7386 25 5022
7391 52 5022
7405 18 5028 5096
7400 15 5022 5079
2145 145 5020 5058 5079 5092
5524 389 5002 5012 5020 5022 5028 5037 5079 5096
7409 10 5002
7393 12 5002
5531 243 5002 5012
5528 6 5020
5536 3 5020
5543 137 5061 5079 5096
5549 10 5020
7449 39 5079
5553 46 5037 5072 5096
5565 3 5020
5582 105 5002 5037
4532 8 5096
2223 15 5022
7490 27 5002 5028
2225 34 5022
5605 11 5028 5037
5606 28 5061 5072
2240 108 5079
5612 66 5002 5022
2237 241 5061 5092
5617 22 5020 5022
5626 4 5072
2257 49 5072
2258 95 5072
7546 3 5028
7564 31 5002 5028
7415 6 5079
7570 3 5096
5655 139 5002 5012
7578 28 5020 5022 5079 5096
7580 19 5002
7588 8 5079
5675 8 5072
7598 33 5028
2297 164 5055 5061
5684 18 5072
5691 49 5020 5061
7614 39 5002 5028 5079
5696 50 5002
5702 10 5028
7623 3 5028
5697 230 5002 5022 5037 5072 5079
7625 6 5028
2323 111 5079
7601 3 5002
5714 44 5072
2326 252 5083 5092
5738 14 5022
5741 13 5020
7677 12 5022
7675 25 5020 5096
7679 26 5022 5079
5753 4 5072
7682 36 5020
2369 189 5020 5022 5037 5055 5079 5083
2384 72 5022 5061 5079
5783 23 5061
5773 75 5002 5079
5775 42 5012 5079
2381 71 5020 5079
5772 15 5020
5785 2 5061
7727 30 5022
7733 45 5022 5064 5079
2387 66 5061
5796 191 5002 5022 5028 5037
5800 222 5002 5012 5022 5096
7744 50 5022 5079
5802 385 5002 5012 5022 5028 5037 5079 5096
5811 79 5012
7755 13 5064 5079
5806 83 5022
2410 34 5079
5814 144 5002 5020 5028 5037 5064 5079 5096
5812 41 5022
5810 29 5022 5037
5816 84 5012 5079
5817 75 5002 5020
5819 61 5037
5822 98 5002 5079
7771 3 5079
11 743 5026 5037 5055 5073 5092
24 309 5026 5037 5055
36 227 5022
44 44 5055
53 39 5079
58 38 5079
72 164 5022 5061 5079
86 122 5028
71 109 5058 5079
87 195 5020 5022 5028 5055 5072
99 24 5022 5055
104 30 5022
68 275 5002 5022 5061 5079 5096
109 190 5002 5022 5028 5079 5096
110 95 5079
113 89 5002 5022 5072
126 25 5022
155 28 5079
173 334 5026 5028 5037 5055
166 93 5002
4751 4 5083
4756 34 5058 5083 5092
4760 7 5055
4764 53 5022
4781 27 5028
4792 62 5020 5022 5028 5079
4813 46 5037
4818 28 5022 5058
4824 101 5020 5072 5079
4829 78 5002 5079 5083 5092
4859 30 5026 5055
4846 34 5092
4894 79 5083
4898 11 5044
4899 169 5055 5061 5072 5073 5092
4924 10 5079
4929 9 5083
4943 31 5092
4937 17 5026 5055
4947 10 5026 5055 5058 5073
4948 214 5020 5026 5028 5055 5072 5092 5096
4966 25 5002 5072 5083
4963 13 5092
4964 60 5055 5073 5092
4967 361 5002 5020 5026 5037 5055 5058 5061 5072 5073 5083 5092
4974 44 5055
4980 16 5020
4981 53 5002 5037 5073 5079
4982 43 5058 5083 5092
4988 23 5026 5092
5002 115 5037 5061
5006 28 5083
5008 27 5073 5083
5010 4 5079
5009 14 5026
5017 9 5012 5020
5022 172 5020 5037
5024 4 5026
5037 18 5055
5028 43 5022 5079
5020 139 5022 5073 5075
5039 7 5073
5043 2 5092
5054 2 5055
5051 8 5055
5053 52 5022 5028 5055 5079
5069 5 5002
5068 10 5096
5072 3 5073
5080 3 5096
5081 5 5083
5079 271 5002 5020 5037 5061
5085 4 5083
5106 33 5022
5089 8 5092
5090 3 5092
634 150 5002
663 158 5092
722 264 5022
737 232 5002 5012 5028 5037 5064 5096
742 93 5002 5073
759 77 5072
763 68 5037 5073
766 773 5002 5022 5026 5033 5037 5055 5058 5061 5072 5073 5075 5079 5092 5096
789 317 5022 5026 5055 5058 5072 5073 5083 5092
791 41 5079
805 90 5022
813 272 5026 5092
825 165 5020
840 7 5002
2744 39 5020
3378 41 5022
3381 180 5002 5012 5022 5028
3380 42 5002
2760 23 5002 5083
3392 33 5092
2774 46 5079
3402 122 5026 5033 5083 5092
3390 60 5072
3417 30 5026
3443 20 5022 5079
3447 271 5002 5020 5043 5044 5055 5058 5061 5079
3449 314 5020 5026 5044 5055 5058 5061 5072 5073 5083 5092
3453 319 5020 5022 5026 5028 5033 5044 5055 5058 5061 5072 5073 5079 5092
2831 39 5079
3455 68 5026 5055 5073 5083 5092
3452 131 5020 5055 5061 5083 5092
3458 69 5002 5055 5073 5083
3454 148 5026 5055
3457 166 5026 5044 5073 5092
3460 22 5073 5083
3456 241 5002 5020 5026 5028 5033 5055 5079 5092
3461 101 5075
3459 92 5061
3466 17 5020 5073
2851 44 5022 5037
3472 15 5083
2871 282 5022 5026 5055 5073
3498 114 5022 5061 5072
2875 6 5020
2883 28 5020
3522 71 5020 5073
3527 64 5012
3542 5 5058
2935 36 5055 5058 5083 5092
2940 123 5020 5079
2941 11 5058
3587 15 5022
3586 156 5020 5022 5037 5079
2972 357 5026 5055 5061 5073 5092
2967 238 5026 5055 5058 5073 5083 5092
2968 55 5072 5073
2983 28 5022 5058
3607 24 5022
2988 55 5058 5092
3614 205 5022 5026 5044 5055 5072 5073 5079 5083 5092
3009 51 5072
3631 91 5022 5055 5072
3639 12 5055
3010 123 5022 5072
