5489 12 8051
7378 38 8051
7391 52 8019 8051
5524 389 8037 8042 8044
5550 11 8037
7449 39 8042 8073 8090
2223 15 8033
7490 27 8007 8025 8083
2240 108 8083
7511 16 8044
2258 95 8083
7564 31 8042 8044 8051 8073
5655 139 8079
7594 4 8083
2299 67 8083
5708 7 8042
7677 12 8038
7675 25 8002
7682 36 8038
7685 13 8037
2365 77 8002
7696 4 8019
2369 189 8002 8083
7697 19 8079
7727 30 8002 8024
7733 45 8051
5800 222 8002 8024 8042 8083 8090
7744 50 8051
5802 385 8002 8037 8042 8044 8051 8083 8090
5806 83 8002 8073
5814 144 8002 8058
5815 5 8002
5819 61 8037
72 164 8042
68 275 8051
109 190 8042
166 93 8079 8083
4792 62 8079
4824 101 8042
4899 169 8042 8044
4934 6 8028
4948 214 8037 8042 8044 8051
5028 43 8073 8083
5079 271 8002
580 30 8037
600 214 8042
737 232 8051
697 100 8044
766 773 8037 8042 8073
3381 180 8083
3380 42 8042 8051
3453 319 8042
3498 114 8044 8083
3586 156 8042 8051
2983 28 8051
