138 72 806 817 849 857 863 868 871 875
5482 12 840
2119 5 856
2133 129 859
2135 146 825
5524 389 840 896
2163 2 873
5531 243 840 896
2172 29 873
2176 17 856 873
2177 3 873
2197 4 859
5589 11 896
2217 11 825
2225 34 856
2234 14 825
2240 108 856
2229 143 856
2233 36 859
2236 75 856
2256 247 827
2252 22 825
2251 25 856
5624 28 896
2255 31 859
5644 21 896
2274 48 856 859
2276 32 840 896
2290 120 825 827
2297 164 825
2299 67 856
2323 111 827
5714 44 896
5721 10 840
2326 252 825 827
2328 215 825 859
5738 14 840
2365 77 856
2371 124 856
2369 189 840 896
5773 75 840
5796 191 896
5787 32 896
5800 222 840
5802 385 840
5811 79 840
5807 27 840
2411 141 825
5819 61 896
2429 2 859
25 90 857 864 893
9 81 857 868 893
8 182 802 806 810 817 822 844 857 864 866 868 875 878 881 882 885
6 302 802 813 820 826 857 863 871 881 885 893 895 897
11 743 802 803 805 806 810 817 822 825 826 829 836 837 838 839 844 849 853 857 859 863 864 866 868 871 873 878 881 882 885 887 893 895
12 65 805 810 822 838 857
15 50 893
16 15 817 857 887
21 76 802 837 853 868 871 887 893
20 187 803 829 838 853 861 864 896
23 74 810 857 881 897
24 309 803 813 817 829 849 853 856 857 863 887 893 895
28 133 857 859 864 895
35 65 803 853
37 20 881
36 227 813 817 838 844 849 857 859 861 895
43 4 857
39 41 822 878
41 30 837 857 887 893
46 59 838 844 857
42 89 810 817 823 853
45 8 871
51 24 893
47 146 820 844 857
48 21 817 878
53 39 806 857
29 150 810 829 837 838 840 857 863 866 868 878 882 893 895
58 38 853
59 94 861 895
57 13 817
27 102 866
72 164 802 820 844 857 881 885 895 896
79 53 817 857 864 875 878 893
78 41 857
77 25 868 878
80 59 817 857
86 122 820 857 866 878 893 895
71 109 895
87 195 837
90 72 820
94 80 857 859 873
31 15 857
102 5 813
68 275 825
130 13 895
111 29 838 857 885 895
110 95 810 837 838 839 844 857 859 863 866 868 881 882 885 893 895 897
122 213 825 856
121 9 857
113 89 817 829 838 849 859 868 893
127 132 805 849 893
128 80 813 857 864 873 895
132 29 829
139 37 802 806 822 829 849 895
143 94 805 817 871 887
147 58 820
151 74 806 837 844 857 863 878 887 893 895 897
154 61 829 857 895
157 44 857 885 893
172 123 856 873 878
168 9 857 875
173 334 803 805 813 817 820 823 836 853 857 861 871 873 887 895
171 70 803 853 857 887
74 69 803 806 817 863 864 893 895
176 39 805 857 871
177 19 820 849
178 63 817 829 838 844 866 895
179 17 829
166 93 829 837 838 859 897
182 79 805 857 878 895
201 21 817 823
191 13 802 829
4781 27 896
4967 361 840 896
5002 115 840
5020 139 896
5038 5 840
5059 26 840
545 24 803
553 22 893
555 3 893
556 121 803 817 829 849 853 857 863 878 893 895 897
564 15 895
590 8 829
588 22 859
601 9 803
592 12 863
600 214 803 817 829 844 853 856 859 864 866 873 878 885 893 895
618 11 844 857 875 895
620 14 881 882
633 55 817 820 857 863 893
626 31 802 803 817 893
634 150 803 813 844 853 887
647 32 836 857
635 66 803 857 863
646 17 810
636 11 806
637 25 838 857 863
643 46 823 866
644 27 863
649 40 802 810 820 863 878 881 882 885
650 98 806 817 829 853 857 859 868 885 895
645 16 817 857 863 875
659 14 857
664 13 849
663 158 817 822 844 853 857 864 868 871 875 878 881 887
639 31 810 817 823 857 863
674 16 857 878 895
677 2 817
689 47 873
686 83 803 805 826 853 861
695 118 813 863 893
691 24 817 863
704 81 805 857 859 873
705 28 823 857 878
706 95 803 817 829 836 838
707 123 803 813 826 853 857 861
708 51 866
710 105 857 861
715 23 803 857
722 264 813 817 825 827 839 844 856 857 893 895 897
725 6 849 859
728 5 817
732 4 857
730 34 838 857 893 895
733 8 829
737 232 840
749 66 805 817 878
742 93 810 817 829 838 857 863 885 893 897
697 100 817 859 875 895
321 27 817 895
759 77 829 857 893 895 897
763 68 817 820 849 857 893
770 3 893 897
766 773 817 825 826 856 857 871 878
762 50 838 881 895 896
769 146 802 805 813 817 829 868 887 893
736 4 857 866
772 3 817
771 7 893
794 18 895
788 113 849 859 863 893 895
782 9 802 817
784 224 810 856 857
789 317 817 844 857 875 887 893
791 41 802 817
800 2 802 829
795 60 853 882 887 895
810 34 805 817
802 4 829
797 5 817 868
816 29 817 829 871
801 6 802 838
814 3 817 893
803 6 806
805 90 813 825 857 871
811 3 817
813 272 805 817 822 825 859 864 871 878 887
812 3 817 822
822 11 813
815 2 817 829
820 16 822
334 41 822 829 838 839 849 863 864 885 893
826 249 871 887
818 2 822
832 3 829 878
830 3 829
825 165 826 827
840 7 837
831 12 829
838 36 810 839 844 857 864 866 878 881 882 885
837 4 839
844 45 805 857
841 61 837
2744 39 896
2746 25 825
3378 41 896
3394 156 825 827
3392 33 827
3404 89 896
2790 173 827 856
2654 104 825 827
2822 43 856
3439 88 825
3449 314 896
3452 131 896
3458 69 896
3454 148 825
3457 166 896
3459 92 896
3470 21 825
3469 23 825
3477 53 827
3482 24 825
2859 139 825
2871 282 825 827 856
3498 114 896
2883 28 856
3521 29 825
3527 64 827 840
3541 81 825
3562 40 825
2940 123 825
3568 147 825 827
2964 70 825 856
2972 357 825 896
2967 238 825
2978 6 856
3614 205 896
3615 144 825 827
3007 15 896
3624 64 825
2999 7 825
3006 31 856
3010 123 825
3635 63 827
