5484 22 4980
7350 21 4940 4981
5480 3 4929 4964
5479 28 4929
5487 30 4981
5495 4 4977
5462 19 4977
2135 146 4953
7386 25 4940
7391 52 4940 4983
7400 15 4940
2145 145 4953
5524 389 4944 4980 4981 4983 4994
7421 9 4940
7418 2 4981
5531 243 4994
7425 7 4940
2172 29 4980
5543 137 4944 4980
2181 2 4983
7449 39 4940
5577 8 4964
5582 105 4944 4964 4980 4994
5589 11 4964
5584 12 4964 4983
5605 11 4981
5608 16 4986
2240 108 4981
5612 66 4986
5614 7 4940
2237 241 4938 4962
7511 16 4981 4983
2256 247 4946
2257 49 4938
2258 95 4980 4994
7578 28 4981
5675 8 4986
7598 33 4981
2297 164 4981 4983
5696 50 4980 4994
5697 230 4944 4980 4994
5714 44 4981
2326 252 4938 4962
2328 215 4994
7676 5 4940
7677 12 4940
7675 25 4983
7678 2 4940
7691 19 4983
2371 124 4964
2369 189 4929 4964 4977 4983
5776 14 4992
2384 72 4999
5773 75 4944 4992
2381 71 4977
7727 30 4981 4983
7733 45 4940 4981
2387 66 4964
5796 191 4981 4983 4994
5800 222 4934 4940 4944 4983
7744 50 4940 4983
5799 23 4980
7743 13 4940
5802 385 4944 4966 4980 4981 4983 4992 4994
7747 8 4981
5806 83 4966
7750 2 4940
5807 27 4934
2410 34 4929
5814 144 4940
7759 4 4981 4983
5812 41 4980
5816 84 4944
5820 20 4981 4983
5817 75 4980
5819 61 4940 4994
5822 98 4994
6 302 4942
11 743 4938 4962
24 309 4944 4953 4999
36 227 4929
72 164 4994
86 122 4962
103 68 4929 4944
68 275 4944 4981
109 190 4940 4994
110 95 4981
122 213 4953 4964 4977 4999
113 89 4940
127 132 4999
172 123 4994
4746 18 4983
4756 34 4942 4964
4748 38 4987
4781 27 4999
4782 2 4953
4792 62 4981
4814 20 4938 4962 4993 4999
4813 46 4994
4818 28 4938 4983
4824 101 4929 4981 4986
4829 78 4929
4832 7 4991
4842 2 4999
4843 24 4977
4859 30 4953 4999
4846 34 4964
4850 3 4999
4881 4 4977
4885 4 4983
4894 79 4964 4993
4891 7 4942
4901 2 4962
4898 11 4987 4993 4999
4899 169 4929 4980 4986 4994
4943 31 4938 4962
4944 4 4986
4937 17 4938 4953 4993 4999
4948 214 4929 4940 4964 4980 4981 4983
4952 3 4938 4953
4960 8 4962
4963 13 4938 4993
4967 361 4929 4944 4964 4980 4986 4994 4999
4974 44 4929
4976 23 4999
4981 53 4983
4982 43 4964 4983
4983 4 4981
4992 4 4993
4864 4 4999
5002 115 4964 4966 4981 4992
5006 28 4964
5012 14 4964 4983
5008 27 4983
5011 10 4977
5022 172 4994
5029 26 4929
5028 43 4981 4986
5020 139 4929 4964 4977
5032 2 4983
5053 52 4981
5079 271 4929 4940 4944 4964 4980 4981 4983 4986 4994
5106 33 4983
5089 8 4980
580 30 4983
583 26 4977
634 150 4929 4994
663 158 4980
695 118 4962 4999
722 264 4980
737 232 4953 4983
749 66 4953 4981
697 100 4953 4962 4964
763 68 4953
766 773 4929 4938 4944 4953 4962 4964 4977 4980 4981 4983 4986 4994 4999
788 113 4980
789 317 4929 4953 4977 4999
813 272 4999
825 165 4986
841 61 4964
3375 43 4977
3381 180 4944 4980
2775 35 4981
3402 122 4953
3404 89 4940
3390 60 4964 4986 4993
2802 9 4964
3417 30 4983
2811 19 4929
3433 9 4962
3447 271 4934 4953 4954 4962 4964 4977 4983 4986 4994 4999
3449 314 4929 4938 4953 4962 4964 4980 4986 4999
3453 319 4929 4938 4962 4964 4980 4981 4983 4986 4999
3455 68 4938 4942 4953 4962 4987
3452 131 4929 4938 4942 4964 4987 4999
3454 148 4938 4953 4999
2832 50 4953
3457 166 4938 4992
3456 241 4929 4938 4962 4964 4980 4999
3461 101 4964 4977 4986
3459 92 4929 4986
3462 54 4962
3466 17 4986
2851 44 4940
3472 15 4999
3479 102 4929 4938 4999
2871 282 4929 4953 4962 4964 4999
3498 114 4953 4977 4986
3535 5 4994
3567 18 4929
2935 36 4938 4962 4983 4999
2940 123 4980
3568 147 4953 4999
3586 156 4981 4994
3593 26 4999
2972 357 4929 4934 4938 4964 4986 4987 4992 4999
2967 238 4938 4953 4962 4999
3601 52 4977
2968 55 4983
2983 28 4940
3607 24 4953
2989 10 4999
3614 205 4929 4938 4953 4962 4999
3615 144 4953
3624 64 4946
3000 43 4994
