138 72 439 440 488
133 10 402
2118 113 417
2120 122 417
2133 129 403
2144 23 417
2230 49 417
2237 241 465
2256 247 403 425
2274 48 425
2297 164 417 425 465
2323 111 417
2326 252 417
2328 215 403 465
2398 62 465
2411 141 417 465
25 90 407 415 422 428 439 488
9 81 402 421 422 427 431 439 440
4 29 415
8 182 402 405 406 415 421 422 427 428 431 432 433 435 439 440 488
6 302 402 405 406 407 415 421 422 427 428 431 432 433 435 439 440 447
10 86 405 406 407 432
11 743 406 407 415 429 431 432 439 440 465 488
12 65 407 427 428 432 435
15 50 417 477
14 114 402 421 422 427 440 477
21 76 422 429 433 439 447 465 488
18 12 429 477
20 187 402 405 425 427 429 447 465 477
23 74 406
24 309 407 415 417 465
33 24 402 440
28 133 402 405 406 415 428 435 439 488
35 65 402 415 422
36 227 402 417 427 431 439 465
38 14 415
39 41 407 415
26 95 415 419 421 422 427 431 433
41 30 402 422
46 59 402 407 428 431
42 89 407 415
44 44 465
47 146 402 405 415 427 428 431 435 447
48 21 421
56 24 415
29 150 402 406 407 415 428 435 439
55 64 402 407 439 447 488
59 94 407 417 421 425 431
62 17 415
57 13 415
27 102 402 422 427 433 435
72 164 407 422 427 431 432 435 439 440
66 44 402
79 53 407 435 477
78 41 415 419 421 422 428 431 433
80 59 402 433 439
81 18 477
67 17 405
86 122 405 407 415 428 439 447
71 109 402 415 427 435 439 447
87 195 407 439
90 72 407 417 439 477
94 80 402 405 415
31 15 405
104 30 477
68 275 465
107 4 477
109 190 415
130 13 439
111 29 477
110 95 429 477 488
122 213 403 417 465
121 9 477
113 89 405 428 439
126 25 439 447
127 132 402 417 431 435
129 4 427
128 80 407
132 29 407 428
135 7 402
136 99 431 440
140 30 402 415 428 431 435
142 25 402 407 432
139 37 439 440
143 94 402 432
151 74 402 407
154 61 402 405 407 415 439
157 44 407 435
172 123 417 477
158 7 477
173 334 415 432 447
171 70 432
74 69 447 488
176 39 432
177 19 427
178 63 405 429
180 54 402
179 17 407
166 93 417 439 465
182 79 405 407 427 432
187 37 415
204 12 439
546 142 415 417
560 8 440
556 121 405 407 417 432 439
590 8 429
586 13 403 439
600 214 407 417 439 488
615 35 432
618 11 407
633 55 407 439
626 31 432 439
634 150 417
635 66 407 432
636 11 407 432
644 27 415 425 439
649 40 407 432 447
650 98 429 488
645 16 407
659 14 417 439
663 158 407 425 439
639 31 439
673 5 407
674 16 406
689 47 439
686 83 407
699 8 406 407
695 118 439
691 24 429
701 4 432
706 95 407
707 123 407 432
713 4 432
708 51 407 447
710 105 407 417
715 23 407
722 264 403 407 429 439 447
730 34 439
733 8 439
738 8 439
749 66 407
742 93 447
321 27 439 488
759 77 429 432
766 773 403 417
769 146 432 447
736 4 439
794 18 407
781 8 407
786 2 407
788 113 407 415 417 439 447
782 9 407
780 2 407
784 224 407 417 425
789 317 407 447
795 60 447
810 34 407
802 4 432
816 29 488
804 6 403
813 272 407 432 439
823 15 439
826 249 403 407 415 425
832 3 407
836 26 429
825 165 417 465
838 36 417
844 45 432
2740 28 403
3379 19 417
3394 156 465
3391 4 417
2768 40 425
2778 22 425
3404 89 465
2788 4 403
2791 15 425
2790 173 417 465
2792 18 403
2654 104 417
2822 43 403
3439 88 417
3453 319 406
2831 39 425
3488 16 465
2872 87 465
2871 282 465
3527 64 465
3536 6 417
2913 11 417
3508 11 417
2925 19 425
3553 8 417
3555 14 465
3562 40 465
2935 36 425
2940 123 417
2972 357 406
2967 238 417
2968 55 465
3614 205 465
3615 144 465
3622 22 465
3007 15 465
3009 51 417
3630 32 465
3010 123 465
