133 10 7632
7350 21 7618 7624 7695
5479 28 7620 7632
7362 8 7618
2120 122 7632
7378 38 7620 7632
2135 146 7632
7199 2 7632
7386 25 7620 7649
7390 24 7620 7632 7646 7647 7651
7394 5 7620
7391 52 7604 7620 7649 7683
7405 18 7618 7624
2144 23 7632
7400 15 7632 7662
2145 145 7632 7651 7699
7402 5 7632
5524 389 7618 7620 7624 7632 7646 7649 7651 7662 7683 7694 7695 7699
7409 10 7632 7646
7393 12 7651 7662 7695
7425 7 7649
2174 65 7620
7444 3 7620 7632
5551 8 7624
7449 39 7642 7649
7490 27 7618 7647 7662 7695 7699
5605 11 7632
7492 3 7624
7493 4 7646
2240 108 7620 7651 7662
5612 66 7683
2233 36 7695
7471 9 7632 7649
7511 16 7620
5620 7 7688
7518 3 7620
5617 22 7632
7520 3 7624 7649
2264 58 7620
7554 3 7624
7564 31 7618 7624 7646 7662
7415 6 7632
7150 10 7649 7683
2276 32 7632
5655 139 7620 7632 7642 7648 7653 7666 7668 7669 7673 7675 7688 7695
5658 10 7699
7569 4 7618 7624
7579 9 7620
7586 7 7683
7580 19 7620 7647 7651 7658 7662 7666 7673
7588 8 7604 7618 7624
7597 4 7620
7593 3 7618 7624
7598 33 7632 7649 7683 7694 7695 7699
2297 164 7632
7609 2 7620
7614 39 7620 7624 7632 7658
7618 3 7620
7623 3 7647
5697 230 7620
7050 5 7632
7625 6 7632
7601 3 7646 7653
7647 4 7662 7666 7668
7649 10 7651
7659 6 7662
7650 2 7662
7661 4 7662
7665 6 7683 7695
7666 14 7669 7691 7699
5741 13 7620
7675 25 7666
7679 26 7694 7695 7699
7682 36 7620 7683
7686 2 7683
7685 13 7683
7684 2 7683
7687 3 7683
7691 19 7694
7696 4 7695
2371 124 7632
2369 189 7620 7632 7649 7666
7697 19 7649 7695
5768 13 7620
2384 72 7694
5773 75 7632 7662 7668
5775 42 7632
7727 30 7620
7733 45 7620 7666
5796 191 7620 7632 7651
5800 222 7620 7646 7651 7694 7699
7744 50 7620
5802 385 7618 7620 7624 7632 7646 7647 7649 7651 7652 7662 7666 7673 7694
5804 33 7648
7755 13 7620
5806 83 7620 7653 7688 7691
2410 34 7632
5814 144 7618 7620 7632 7651 7699
5810 29 7620
5816 84 7632 7683
5819 61 7620
5822 98 7632 7646 7649 7651 7662 7683 7690 7699
6 302 7632
15 50 7632
36 227 7632
60 9 7624
72 164 7620 7632
87 195 7649 7662
99 24 7632
103 68 7618
68 275 7620 7632
109 190 7620 7632 7649 7662 7668 7694
122 213 7699
113 89 7651
127 132 7632
136 99 7620
155 28 7604 7647 7648 7651 7652 7672
173 334 7649
178 63 7699
166 93 7695 7699
182 79 7620
4764 53 7662
4788 20 7649
4792 62 7632
4829 78 7624
4884 4 7632
4948 214 7632 7694 7695
4966 25 7624 7699
4974 44 7624 7642
4988 23 7632
4994 19 7649
5002 115 7620 7652 7662
5028 43 7618 7620 7632 7683
5020 139 7632
5053 52 7620 7624 7632 7651 7662
5079 271 7632 7699
545 24 7620 7646
580 30 7662
737 232 7618 7620 7632 7647 7649 7651 7658 7666 7669 7673 7675 7694 7699
749 66 7618 7632 7683
742 93 7662 7691
766 773 7618 7624 7632 7646 7649 7651 7662 7683 7694 7695 7699
762 50 7620 7632 7699
3378 41 7694
3381 180 7618 7624 7632 7646 7647 7651 7662 7694 7695
3394 156 7620
2765 29 7649
3392 33 7620
2774 46 7632
3404 89 7624
2811 19 7604
3447 271 7662 7694
3439 88 7632
3453 319 7620 7624 7632
3458 69 7618
3456 241 7620
3498 114 7632
2886 3 7694
3521 29 7632
2907 6 7632
2908 12 7620 7632
3562 40 7632
2940 123 7618
2958 47 7620
3586 156 7632 7651 7662
3601 52 7620 7632 7699
2968 55 7620 7699
3615 144 7683
