2117 23 2456 2470
5479 28 2490
2118 113 2400 2435 2456
2120 122 2426 2484
2130 8 2470
2133 129 2400 2410 2425 2435 2470 2475 2479 2490
2135 146 2433 2456 2470 2485
2145 145 2411 2456
2156 41 2484 2490 2499
5524 389 2433 2440
2161 3 2409
2160 26 2470
2171 16 2416
5531 243 2433 2440
5193 18 2440
2172 29 2479 2484
2174 65 2410 2411 2435 2470
2176 17 2411
2181 2 2475
5553 46 2490
2197 4 2470
2206 14 2411 2499
2209 31 2410
5582 105 2433
5584 12 2440
2215 15 2456 2470
2226 28 2456
2225 34 2474
2232 12 2425 2426
2231 66 2400 2426 2435 2490 2499
2230 49 2411 2484
2240 108 2409 2435 2499
2229 143 2416 2474 2475
5612 66 2440
2233 36 2400 2475
2236 75 2411 2474
2237 241 2456 2470 2485
2249 38 2400
2256 247 2410 2411 2416 2435 2475
2252 22 2422
2251 25 2435
5624 28 2440
2257 49 2440
2255 31 2400
2258 95 2411 2456
2264 58 2433
2274 48 2411 2423 2425 2426 2435 2484 2490
2276 32 2433
2285 17 2485
2290 120 2411 2485
2297 164 2440 2456 2474 2485
2299 67 2410 2485
5691 49 2490
5697 230 2433 2440 2490
2323 111 2411 2416 2485
2326 252 2411 2416 2433 2485
2328 215 2400 2410 2411 2435 2470 2475 2479 2485
2324 3 2485
2332 36 2411 2416
5739 45 2440
2272 31 2400
2364 14 2440
2365 77 2411
2371 124 2400 2411 2416 2426 2470 2485
2367 8 2475
2369 189 2411
2372 7 2470 2479
2370 2 2484
2384 72 2416
2375 49 2470 2479
2376 26 2474
2378 4 2400
2379 45 2411 2485
2387 66 2470
5796 191 2440
2393 4 2484
2398 62 2400
5802 385 2433 2440
2399 2 2400
2411 141 2433 2474
5810 29 2440
5816 84 2440
5817 75 2433
2416 37 2426
2113 7 2420
5819 61 2440
5822 98 2440
6 302 2409
11 743 2400 2409 2410 2411 2426 2435 2456 2470 2475 2479 2484 2485 2490 2499
14 114 2470 2475 2479
21 76 2410
20 187 2411 2484
28 133 2470 2479
36 227 2456 2470 2485
42 89 2475
47 146 2409 2470 2485
59 94 2400 2470
62 17 2470
66 44 2470
86 122 2409
71 109 2400 2409
87 195 2456
94 80 2499
68 275 2440
109 190 2440
110 95 2400 2426
122 213 2411 2440 2456 2474 2485
113 89 2410 2479
127 132 2411
128 80 2470
143 94 2474
147 58 2485
172 123 2411 2470
161 32 2474
173 334 2400
166 93 2411
4756 34 2456
4757 6 2456
4774 13 2456
4781 27 2456
4782 2 2456
4813 46 2440
4899 169 2440
4934 6 2433
4967 361 2433 2440 2490
4981 53 2440
4988 23 2490
5022 172 2433 2490
5079 271 2433 2440
546 142 2411 2440 2474
582 34 2456
600 214 2409 2475 2479
495 6 2470
633 55 2474
634 150 2440 2485
635 66 2475
650 98 2400 2425 2484
665 7 2470
664 13 2470
663 158 2485
667 19 2470
689 47 2411
695 118 2499
704 81 2400
706 95 2400 2484
713 4 2426
710 105 2474
722 264 2410 2411 2416 2470
737 232 2433 2440
742 93 2435
763 68 2411
766 773 2410 2433 2440 2456 2474 2485
788 113 2490
784 224 2400 2411 2416 2456 2470 2499
789 317 2400 2456
795 60 2400
813 272 2400 2410 2411 2470 2475 2485
820 16 2400
826 249 2400 2410 2474 2490
825 165 2411 2416 2456 2485
838 36 2416
844 45 2409
841 61 2416
2740 28 2410
3375 43 2411 2485
2744 39 2416 2490
2746 25 2474
2747 79 2411 2485
3378 41 2411 2456 2485
3381 180 2433
3380 42 2411 2485
3394 156 2411 2485
2768 40 2416
2774 46 2474
2775 35 2410 2440
2778 22 2416 2433
3404 89 2485
2788 4 2410
3422 3 2485
2791 15 2411
2790 173 2411 2440 2474
3417 30 2411
2811 19 2433
2796 8 2416
3443 20 2456
2654 104 2411 2416 2470 2485
3447 271 2456
3451 98 2456
2822 43 2416
3439 88 2440
3449 314 2456 2490
3453 319 2433 2440 2456
2831 39 2474
3452 131 2456
3458 69 2485
3454 148 2456
3457 166 2485
3456 241 2433 2440 2456
2840 14 2470
3459 92 2440
3462 54 2456
2851 44 2485
3477 53 2411 2485
3472 15 2440
3479 102 2499
3482 24 2485
3481 17 2485
2859 139 2485
2866 6 2470
2862 4 2470
2863 5 2470
2872 87 2470
2871 282 2411 2456 2470 2474 2485
3498 114 2456 2490
3512 9 2485
2568 4 2470
2467 4 2470
2886 3 2470
3519 48 2485
2889 14 2470
3523 28 2411 2485
3521 29 2485
3526 6 2411 2485
3527 64 2411 2485
2904 18 2411
2913 11 2416
3542 5 2485
2909 57 2485
2912 33 2416 2456 2474
2923 35 2411 2474 2485
2932 62 2485
3567 18 2485
2939 7 2411
2940 123 2433 2485
3568 147 2485
2947 10 2485
3569 42 2485
2953 10 2485
3528 13 2411
2958 47 2411 2474
2972 357 2440
2967 238 2411 2433 2456 2474 2485
3597 13 2485
3611 22 2411 2485
2988 55 2485
3615 144 2411
3622 22 2485
3624 64 2485
3001 7 2485
3000 43 2411
3633 48 2411
3009 51 2433
3631 91 2433
3010 123 2411 2485
3634 82 2490
