2114 39 2617 2625
2115 16 2645
2119 5 2625
2118 113 2617 2651 2653 2655 2657 2667 2685 2693 2696
2120 122 2607 2619 2625 2650 2657 2667
2127 3 2625
2129 44 2625 2657
2133 129 2604 2619 2625 2643 2646 2665 2669 2685
2135 146 2625 2651 2654 2657 2658 2693
7390 24 2658
7391 52 2658
2144 23 2653
2145 145 2620 2651
2156 41 2670
5524 389 2658
2169 32 2669 2685
2171 16 2651 2660
2172 29 2685
2174 65 2607 2618 2619 2620 2625 2651
2176 17 2651 2654 2662
5543 137 2658
2178 3 2625
7443 10 2658
2186 61 2665
2206 14 2672
2209 31 2657
5584 12 2620
2224 3 2625
2225 34 2625 2651
2234 14 2654
2232 12 2618 2629 2647
2231 66 2604 2607 2618 2629 2643 2650 2657 2670
2230 49 2619 2625 2638 2651 2654 2685
5606 28 2605
2240 108 2625 2651 2657 2665
2229 143 2604 2607 2612 2625 2629 2646 2651 2654 2662 2674 2697
5612 66 2620
2233 36 2604 2625
7471 9 2658
2236 75 2625 2651 2654 2662 2697
2237 241 2612 2619 2646 2651 2654 2657 2660 2667 2674 2686 2693 2696 2697
2241 14 2604 2665
2041 6 2654
2249 38 2618 2625
2256 247 2619 2625 2647 2650 2651 2652 2654 2657 2667 2669 2670 2685 2687
2252 22 2652 2654 2674 2693
2251 25 2625 2651 2654
2257 49 2667 2686
2258 95 2605 2625
2153 4 2625
2264 58 2654 2697
7564 31 2658
2274 48 2625 2654
2289 14 2669
2281 2 2625
2285 17 2625
2290 120 2619 2651 2652 2653 2654 2655 2657 2660 2667 2674 2686 2687 2693
2294 9 2619 2625 2638 2665
2297 164 2619 2625 2651 2654 2657 2660 2667 2685 2693
2298 48 2646 2654
2299 67 2619 2620 2625 2651 2665 2687
5697 230 2620
2323 111 2625 2651 2653 2654 2657 2660
2322 19 2619 2625 2643
2326 252 2612 2619 2623 2646 2653 2654 2655 2657 2660 2667 2674 2686 2687 2693
2328 215 2604 2619 2620 2643 2652 2653 2654 2657 2660 2665 2667 2669 2685 2693
2332 36 2625 2651 2653 2657
2342 5 2651
2349 2 2625
2343 7 2643 2650
2272 31 2619 2625 2643 2651 2654
7675 25 2658
2364 14 2660 2667
2357 12 2625
2360 3 2653
2366 7 2625 2643 2665
2365 77 2618 2646 2651 2657 2660 2665 2685
2371 124 2625 2646 2653 2654 2657 2662 2696 2697
2367 8 2604 2625 2643
2338 6 2654
2384 72 2625
2375 49 2612 2685
2376 26 2620
2381 71 2625 2643 2651
7733 45 2658
5796 191 2658
5800 222 2658
2398 62 2619 2625 2638 2651 2655 2660 2686
5802 385 2620 2658
2306 4 2643
2411 141 2653 2654 2657 2660 2667 2674 2686 2687
2414 6 2625 2643
2417 7 2643
2416 37 2647
2113 7 2625 2685
6 302 2651
11 743 2604 2612 2619 2625 2643 2646 2653 2655 2657 2665 2669 2685 2686 2696
15 50 2643 2651
14 114 2643 2653
21 76 2685
20 187 2693
24 309 2612 2619 2625 2660 2667 2696 2697
36 227 2619 2620 2625 2651 2655 2685 2689
42 89 2625
44 44 2643 2652
56 24 2651
49 15 2643
53 39 2657 2686
60 9 2625
27 102 2696
66 44 2625 2651
89 29 2657
86 122 2643
71 109 2646
87 195 2623
94 80 2643
103 68 2667 2686
68 275 2612 2618 2643 2653 2654 2697
122 213 2619 2623 2625 2646 2651 2653 2654 2657 2660 2665 2667 2685 2693 2697
113 89 2643
127 132 2625 2643 2652 2654 2685 2687
128 80 2625 2643 2651 2654
132 29 2643
143 94 2620 2625
157 44 2657
172 123 2623 2625 2651 2653 2654 2660 2662 2686 2693
161 32 2619 2625
180 54 2604 2625 2643 2657
182 79 2625 2653 2696 2697
185 4 2625
4750 3 2696
4824 101 2605
4829 78 2689
4859 30 2689
4874 3 2620
4893 5 2696
4894 79 2689 2696
4891 7 2696
4899 169 2689
4948 214 2605 2658 2689
4966 25 2689
4967 361 2605 2620 2689
4974 44 2689
4981 53 2658 2689
5022 172 2620
5020 139 2620
5079 271 2605
546 142 2625 2643 2660
553 22 2654
554 6 2654 2697
556 121 2612 2623 2654 2657
587 18 2625
600 214 2617 2625 2643 2652 2660
634 150 2618 2625 2653 2654
635 66 2660
646 17 2697
637 25 2651
643 46 2654
649 40 2643
650 98 2625 2655 2669
662 2 2655
664 13 2651
663 158 2643
689 47 2643
695 118 2625 2643 2654 2686
704 81 2625 2643 2655 2660 2662
706 95 2625
707 123 2625 2643
710 105 2625 2651 2657
722 264 2607 2618 2625 2629 2643 2647 2651 2653 2654 2662 2670 2697
727 32 2643
737 232 2620
749 66 2651 2654
742 93 2669
763 68 2612 2625 2643 2651 2653
764 34 2625
766 773 2605 2617 2619 2623 2625 2646 2653 2654 2658 2660 2662 2667 2674 2685 2689 2693 2696 2697
762 50 2651
769 146 2625 2651 2660
771 7 2643
788 113 2654
784 224 2617 2625 2643 2651 2653 2654 2660 2665 2685 2693
789 317 2625 2643 2669 2689 2696
798 16 2612
802 4 2643
805 90 2689
813 272 2619 2643 2653 2654 2655 2660 2665 2669 2674 2687 2693 2696
826 249 2617 2623 2625 2629 2638 2643 2651 2654 2662 2670 2697
836 26 2625
825 165 2619 2625 2653 2660 2667 2674 2686
844 45 2646
841 61 2618 2625
2740 28 2618 2693
3375 43 2653 2657
2744 39 2618
3377 4 2654
2746 25 2618 2651
2747 79 2618 2625 2651 2654 2657 2674 2687 2693
3379 19 2653 2660 2667
3378 41 2657
3383 2 2653
3381 180 2623
3380 42 2654 2657 2660
2757 5 2654
3394 156 2646 2653 2654 2657 2660 2687 2693
2765 29 2612
3388 15 2646 2657
3391 4 2660
2762 3 2654
2768 40 2646
3392 33 2619 2657
3397 3 2654
2774 46 2660
2775 35 2660
3036 7 2653 2660
3402 122 2623 2646 2653 2654 2689
3404 89 2623 2654 2657 2667 2693
3390 60 2605 2696
3422 3 2660
2790 173 2625 2646 2651 2654 2657 2660 2662 2687 2693 2697
2792 18 2625 2651
3417 30 2653 2657
2804 16 2653 2667 2674
2815 11 2619 2625 2693
2807 5 2617 2625
3443 20 2693
2654 104 2625 2653 2657 2662 2667 2674 2686 2693 2697
3447 271 2605 2658
2819 18 2619 2660
3451 98 2612 2653
2822 43 2625 2654
3439 88 2619 2620 2653 2655 2657 2667 2674 2693
3449 314 2605 2646 2689 2696
3453 319 2605 2646 2689 2696
2831 39 2619 2620 2625 2674
3455 68 2696
2799 8 2686
3452 131 2605 2696
3458 69 2654 2657 2686
3454 148 2612 2619 2653 2657 2693
3457 166 2612 2619 2654 2657 2686
2838 21 2619 2657 2660
3456 241 2612 2658 2689 2696
2840 14 2646
3462 54 2696
3470 21 2623 2654 2667 2674 2693
3469 23 2686
3477 53 2619 2623 2653 2654 2674 2687
2856 5 2662
3479 102 2612 2619 2646 2653 2657 2667 2687
3480 18 2654 2657 2660 2687
2860 5 2623
3482 24 2654 2667 2687
3483 20 2654 2657 2674 2687
3481 17 2653 2660 2686 2687
2859 139 2619
3478 42 2687 2693
3488 16 2655
3496 10 2623 2660
2872 87 2619 2625 2651 2653 2697
2871 282 2612 2617 2619 2625 2651 2653 2655 2657 2662 2689 2696 2697
3498 114 2605
2880 2 2686
2524 7 2693
2875 6 2625
2883 28 2662
3512 9 2653
3518 6 2657
3513 4 2660
3519 48 2619 2657 2686 2693
3523 28 2654 2657 2693
3525 16 2657
3526 6 2654
3535 5 2653
2900 29 2625 2651 2654 2657
3527 64 2619 2657 2686
2901 4 2625
3536 6 2660 2667
3530 3 2660
2903 8 2625
3539 2 2660
3540 4 2660
3544 7 2657 2660
2906 6 2654
3541 81 2646 2653 2655 2657 2660 2667 2686
3543 3 2657 2660
2908 12 2623
3542 5 2660
2909 57 2625 2651 2654 2657 2697
3508 11 2660
2912 33 2625 2654
3545 2 2660
2925 19 2625 2646 2651
3556 14 2686
2923 35 2653 2657
3553 8 2653 2654
3563 3 2667
3555 14 2667 2693
2932 62 2651 2667
3560 16 2653 2667
3561 4 2667
3562 40 2619 2657 2667 2674
3567 18 2619 2654 2657 2667
2939 7 2657
2935 36 2646
3564 2 2667
2940 123 2619 2623 2625 2653 2657 2660 2667 2693
3568 147 2612 2653 2657
2941 11 2693
2947 10 2660
3569 42 2653 2654 2657 2693
3583 4 2657
2951 19 2625 2660
3587 15 2674
2948 26 2654 2697
2953 10 2654
3528 13 2654
2958 47 2625 2646
3586 156 2658
3593 26 2654
3598 4 2654
2964 70 2651 2653 2654 2655 2662
3589 5 2657
2972 357 2605 2612 2619 2646 2653 2689 2696
2967 238 2612 2646 2653 2654 2655 2657 2660 2674 2693 2696 2697
3601 52 2657 2696
2968 55 2605 2653 2658 2697
3600 12 2674
3597 13 2696
2969 3 2655
3611 22 2654 2657 2674 2693
3610 4 2674
2988 55 2653 2654 2657 2696
3614 205 2605 2689
3615 144 2619 2646 2653 2655 2657 2686
3622 22 2657
3007 15 2653
3624 64 2619 2653 2655 2657
2995 10 2617
3001 7 2654
2999 7 2625
3000 43 2660 2662
3633 48 2657
3009 51 2653 2660 2667 2693
3630 32 2612 2657
3631 91 2619 2653
3006 31 2617 2654 2662
3010 123 2653 2654 2657 2660 2667 2674 2693 2697
3635 63 2655
