5487 30 7924
2120 122 7994
7378 38 7908
2135 146 7908
7357 9 7924
7387 4 7921
7390 24 7961
7391 52 7921 7924 7965 7992
7405 18 7927
2145 145 7924
5524 389 7908 7910 7924 7927 7961 7979 7992
7421 9 7979
7424 4 7908
5543 137 7961 7979
5550 11 7908
5551 8 7924
7449 39 7921 7979
5553 46 7908 7965 7979
4532 8 7921 7961
2226 28 7924 7961
7490 27 7992
5605 11 7908
2240 108 7992
5612 66 7961
5614 7 7924
7471 9 7946 7965
5615 3 7908
2258 95 7946
7544 11 7924
7564 31 7908
5655 139 7994
7578 28 7908
7598 33 7913 7924
7605 3 7924
7614 39 7952
5697 230 7908
7625 6 7924
7649 10 7965
7677 12 7924 7928 7992
7675 25 7979 7994 7996
7682 36 7910 7927 7928 7952 7961
7685 13 7908
7691 19 7946 7961 7979
2369 189 7908 7924 7928
7697 19 7908
2384 72 7946
5773 75 7924
5775 42 7912 7927 7979 7992
2381 71 7961
7726 3 7961
7727 30 7910 7921 7965 7992
7733 45 7910
5796 191 7908 7961
5800 222 7924 7979 7992 7996
7744 50 7910 7924 7961 7979
7743 13 7992
5802 385 7908 7910 7924 7927 7946 7961 7965 7979 7992 7994
5806 83 7913
2410 34 7910
5814 144 7928 7961
7759 4 7961
5820 20 7921
7769 19 7908 7910 7912 7927 7946
7768 11 7927
5819 61 7908
5822 98 7912
7771 3 7928
36 227 7908
66 44 7961
71 109 7921
109 190 7908 7924 7961
155 28 7921 7927
166 93 7924 7961
4764 53 7908
4788 20 7910 7912 7924
4792 62 7908 7909 7946
4829 78 7946
4920 2 7992
4943 31 7961
4948 214 7924 7965 7979
4964 60 7908
4967 361 7927
2346 4 7965
4981 53 7908 7961
5037 18 7908
5028 43 7908
5051 8 7979
5053 52 7908
5068 10 7908
5079 271 7924
553 22 7910
580 30 7946 7961 7992
600 214 7912
737 232 7921 7924 7927 7961 7965
749 66 7992
766 773 7908 7910 7912 7927 7946 7961 7965 7979
791 41 7910
2765 29 7965
3393 10 7946
3447 271 7961
3453 319 7908
2831 39 7908 7910 7912
3458 69 7961
3460 22 7908
2851 44 7912
3498 114 7961
3586 156 7921 7961 7979
2968 55 7908
