5484 22 4041 4099
2117 23 4037
5479 28 4037
5485 21 4037 4099
5489 12 4071
2118 113 4037
5487 30 4071
7378 38 4037
2129 44 4049
2135 146 4037 4099
7405 18 4037
2144 23 4037 4051
2145 145 4037
5515 7 4098
5524 389 4037 4065 4071 4099
7421 9 4037
5531 243 4037 4065 4099
7425 7 4037
7424 4 4037
2172 29 4037
5543 137 4037 4041 4065
5549 10 4037
5550 11 4037
7452 3 4037
7181 2 4037
5553 46 4037 4071 4099
7180 4 4037
5577 8 4098
2210 17 4013
5582 105 4037 4065 4099
5596 30 4098
2223 15 4071
2226 28 4037
5600 8 4099
5608 16 4099
2240 108 4037 4065 4099
5612 66 4099
5614 7 4037
2237 241 4011 4040 4044 4072
7511 16 4037
5615 3 4037
7518 3 4037
5616 15 4037
2256 247 4037 4041 4047 4051 4055 4078
2258 95 4011 4037 4043
7564 31 4037
5655 139 4009
7578 28 4037 4071
5670 2 4099
2290 120 4011 4021 4088
7597 4 4037
2297 164 4013 4021 4055 4099
2298 48 4031
5686 3 4099
2299 67 4024 4044
2307 7 4024
5696 50 4099
5697 230 4037 4065 4099
2323 111 4011
5714 44 4041 4099
5721 10 4037
2326 252 4011 4013 4021 4024 4031 4043 4055 4058
2328 215 4021 4037 4043 4065 4099
7677 12 4037
7682 36 4037
2364 14 4037
7691 19 4071
2365 77 4013 4021 4031 4071 4099
5763 4 4041
2369 189 4037
2384 72 4037 4099
5783 23 4041
5773 75 4037
5775 42 4037 4071
7719 4 4071
2381 71 4013 4037
2379 45 4013
7727 30 4037 4071
7733 45 4037
2387 66 4098
5796 191 4037 4041 4065 4099
5787 32 4041
5800 222 4037 4065
7744 50 4037
7743 13 4037
5802 385 4037 4065 4071 4099
5806 83 4037
2410 34 4071 4098
5814 144 4037
2411 141 4011 4021 4024 4051
5812 41 4099
5810 29 4037
5816 84 4037 4099
7769 19 4071
2113 7 4072
5819 61 4041
5818 67 4099
6 302 4037
11 743 4011 4013 4021 4024 4040 4043 4044 4055 4058 4065 4072 4088
15 50 4037
14 114 4055
24 309 4040
36 227 4065 4099
47 146 4037 4058
53 39 4011 4088 4099
29 150 4011 4021 4088
27 102 4044
72 164 4037 4098 4099
86 122 4055 4099
71 109 4037
87 195 4037 4078 4099
99 24 4071
68 275 4013 4024 4037 4040 4051 4055 4065 4099
109 190 4037 4099
122 213 4013 4043 4099
113 89 4037
127 132 4037
136 99 4037 4099
143 94 4037
173 334 4037
166 93 4037
182 79 4037
4756 34 4037
4757 6 4040
4764 53 4037
4774 13 4040
4792 62 4009
4813 46 4099
4818 28 4044
4824 101 4099
4832 7 4037
4833 6 4037
4843 24 4037
4882 3 4037
4884 4 4037
4893 5 4044
4894 79 4041 4044 4099
4891 7 4037
4899 169 4041 4098 4099
4903 2 4037
4904 2 4037
4906 2 4037
4909 2 4037
4923 3 4037
4924 10 4037
4910 2 4037
4914 2 4037
4912 2 4037
4915 6 4037
4922 2 4037
4925 2 4037
4920 2 4037
4926 7 4037
4943 31 4037 4044
4944 4 4044
4948 214 4071
4964 60 4037
4967 361 4009 4037 4041 4065 4099
4980 16 4099
4976 23 4041 4099
4981 53 4037
4982 43 4099
5002 115 4037 4041
5008 27 4068
5010 4 4037
5011 10 4099
5017 9 4099
5016 10 4071
5022 172 4065 4099
5029 26 4099
5028 43 4037
5020 139 4068
5053 52 4037
5079 271 4041 4065 4098 4099
5106 33 4037
546 142 4037 4099
580 30 4041
582 34 4040 4072
600 214 4037 4071
613 2 4078
495 6 4037
633 55 4099
634 150 4037 4041 4099
637 25 4037
643 46 4037
663 158 4040 4099
667 19 4037
689 47 4021
695 118 4011 4098
722 264 4037
737 232 4037 4044 4065 4071
749 66 4037
742 93 4044
697 100 4037 4044 4099
766 773 4011 4013 4040 4041 4043 4044 4055 4065 4072 4098 4099
784 224 4013
789 317 4037 4040 4099
791 41 4037
795 60 4037
813 272 4041 4043 4055
825 165 4024 4030 4037 4043 4051 4058 4099
841 61 4044
2746 25 4021
2747 79 4021 4051
3378 41 4055 4099
3394 156 4011 4021 4031
2760 23 4099
2774 46 4055 4071
3402 122 4011 4021 4037 4044
3404 89 4041
2787 4 4072
2792 18 4040
3417 30 4037
2811 19 4037
2796 8 4037
2804 16 4055
2807 5 4037
2654 104 4013 4021
3447 271 4011 4037 4040 4041 4044 4065 4099
3445 21 4011
3451 98 4040 4043 4055
2822 43 4021
3439 88 4011 4021 4024 4088
3449 314 4011 4037 4040 4041 4044 4072 4098 4099
3450 27 4011 4072
3453 319 4011 4037 4040 4041 4044 4065 4068 4072 4098 4099
3455 68 4044 4072
3452 131 4040 4099
3458 69 4041 4055
3454 148 4011 4013 4037 4040 4043 4044 4049 4058 4072
2832 50 4037
3456 241 4011 4041 4044 4047 4072 4099
3461 101 4011 4037 4040 4044 4055 4072 4098 4099
3459 92 4041 4099
3463 56 4011 4040 4072
3462 54 4011 4037 4040 4044 4072
3466 17 4037
2851 44 4037
3477 53 4021 4024
3472 15 4037
3471 2 4037
3479 102 4013 4037 4040 4041 4065
2859 139 4011 4024 4030 4031 4037 4043 4044 4051 4055 4088
3488 16 4055
2872 87 4011 4021 4024 4031 4043 4051 4055 4088
2871 282 4011 4013 4021 4024 4030 4037 4043 4049 4051 4055 4088
3498 114 4037 4040 4099
2883 28 4068 4098
3522 71 4044
3541 81 4011 4021 4024 4049 4055
3542 5 4011
2912 33 4037
2932 62 4065
3562 40 4021
3567 18 4043
2940 123 4049 4055
3568 147 4011 4013 4021 4030 4040 4043 4047 4049 4051 4055 4072 4078 4088 4098
2947 10 4043
3569 42 4021 4043
3586 156 4037 4065 4099
3593 26 4037
2964 70 4011 4013 4021 4043 4055
2972 357 4012 4030 4031 4037 4040 4043 4044 4047 4055 4058 4099
2967 238 4011 4013 4021 4024 4037 4040 4043 4044 4055 4086 4088 4099
3601 52 4037
2974 15 4051
3603 12 4044
3607 24 4037
2988 55 4041
3614 205 4013 4037 4055 4065 4068
3615 144 4013 4024 4043 4044 4055 4098
3624 64 4021 4024 4031 4043
3625 4 4013
3633 48 4011 4013 4021
3630 32 4021
3631 91 4011 4024 4037 4099
3635 63 4013
3634 82 4098 4099
