2115 16 4574
5479 28 4574
2120 122 4536
2129 44 4510 4528 4531 4547 4578
2135 146 4530 4534 4536
2145 145 4574 4587
5524 389 4507 4536
5531 243 4530 4534 4536
5528 6 4500
5543 137 4527
7449 39 4507
2186 61 4574
5562 13 4530
5582 105 4536
5600 8 4500
7490 27 4507
5605 11 4536
5603 3 4500
5606 28 4534 4574
2240 108 4528 4536
5612 66 4530 4536
2237 241 4510 4528 4551 4574 4578
5396 12 4500 4536
2258 95 4510
2264 58 4510 4530
5655 139 4507
5661 3 4530
5667 5 4507
5680 4 4530
5675 8 4530 4574
2297 164 4510 4528 4578
2299 67 4587
5691 49 4534
5692 21 4536
5697 230 4527 4536 4574
2323 111 4510 4531
2326 252 4500 4578
5738 14 4536
7682 36 4507
2365 77 4510 4528 4530 4536
2369 189 4507 4530 4536 4547 4587
5768 13 4534
2384 72 4536
5783 23 4527 4574
2375 49 4500 4528
2381 71 4547
5772 15 4536
2379 45 4552 4557
2387 66 4574 4587
5796 191 4527 4536
2398 62 4528 4578
7743 13 4507
5802 385 4507 4536
5804 33 4574
5811 79 4536
5814 144 4536
2411 141 4500 4531 4547
5816 84 4536
5819 61 4527
5818 67 4536
11 743 4510 4528 4531 4547 4578
15 50 4561
24 309 4510
36 227 4574 4578
66 44 4588
87 195 4510
103 68 4536
68 275 4536 4574 4584 4587 4588
109 190 4536
122 213 4530 4531 4578
136 99 4530 4536
154 61 4531
178 63 4578
4756 34 4588
4748 38 4500 4507 4527
4764 53 4536 4547
4765 4 4588
4796 4 4534
4781 27 4574
4788 20 4551
4792 62 4507
4813 46 4587
4824 101 4500 4534 4574
4829 78 4587
4859 30 4547 4551
4846 34 4587
4853 5 4588
4881 4 4530
4889 2 4588
4891 7 4588
4899 169 4534 4547 4574 4587
4924 10 4536
4929 9 4536
4948 214 4547 4587
4966 25 4536
4963 13 4547
4964 60 4574
4967 361 4500 4527 4530 4534 4536 4547 4574 4587
4974 44 4574 4587
4976 23 4574 4587
4981 53 4587
4982 43 4536
4988 23 4551
4864 4 4587
5002 115 4536
5006 28 4536 4547
5008 27 4587
5009 14 4547
5013 7 4587
5022 172 4507 4574
5037 18 4530 4536
5020 139 4500 4530
5061 13 4527
5079 271 4527 4530 4534 4536 4547 4574 4587
546 142 4536 4578
582 34 4536 4562 4584
600 214 4510
633 55 4534
695 118 4587
697 100 4574
766 773 4500 4510 4527 4528 4529 4530 4531 4534 4547 4551 4557 4578 4583 4587 4588
789 317 4527 4530 4551 4587
813 272 4578
825 165 4530 4551 4578
3375 43 4528 4536
2744 39 4574
2746 25 4528
3374 4 4534
3378 41 4510
3381 180 4536
3394 156 4528 4536 4578
3388 15 4510
3392 33 4583
3406 4 4587
3402 122 4547 4578
2778 22 4510
3404 89 4527
3390 60 4530
2790 173 4536 4558 4578
2811 19 4500 4583
3435 4 4510
3443 20 4531
3448 3 4578
3447 271 4529 4530 4547 4551 4574 4587 4588
2819 18 4536
3451 98 4557
3439 88 4510 4531 4536
3449 314 4527 4528 4530 4531 4534 4536 4547 4551 4574 4587
3450 27 4528 4531 4578
3453 319 4528 4530 4531 4536 4547 4551 4574 4578 4587
2831 39 4531 4578
3455 68 4547 4551 4588
3452 131 4527 4528 4530 4534 4551 4588
3458 69 4547 4551
3454 148 4510 4528 4531 4551 4557 4578
2832 50 4529 4588
3457 166 4510 4529 4536 4552 4557 4558 4562 4583
3456 241 4510 4531 4536 4557 4574 4578 4587 4588
3461 101 4529 4536 4578 4587
3459 92 4574
3463 56 4510 4528 4531 4551 4578
3462 54 4510
3472 15 4534
3479 102 4574
2859 139 4500 4510 4528 4531 4552 4557 4588
3478 42 4527
2867 3 4536
3496 10 4531
2871 282 4510 4529 4534 4547 4551 4587 4588
3498 114 4530 4534 4536 4587
3522 71 4510 4551 4552 4558 4584
3519 48 4587
3541 81 4578
2909 57 4528 4534 4587
2923 35 4547
3557 10 4558 4562
2935 36 4588
3568 147 4530 4536 4547 4551 4578
2951 19 4531
2958 47 4528 4530
3591 13 4578
2972 357 4500 4507 4527 4528 4529 4534 4536 4547 4551 4562 4578 4587
2967 238 4510 4551 4574 4578
3601 52 4530 4578
3614 205 4500 4510 4527 4530 4534 4551 4574 4587
3615 144 4531 4547 4578 4587
3624 64 4528 4529 4587
3009 51 4510 4528 4529 4578
3630 32 4510 4531
3631 91 4510 4550
