2114 39 2815 2830
2111 4 2871
5482 12 2831
2115 16 2871
2118 113 2805 2811 2822 2828 2851 2856
5487 30 2831
2120 122 2811 2834
2133 129 2805 2809 2814 2815 2828 2834 2838 2877 2880
5462 19 2831
2135 146 2830 2844 2851
2145 145 2811 2822 2831 2871
5524 389 2851
5534 14 2831
2172 29 2801 2877
5536 3 2831
2174 65 2801 2809 2821 2825 2828 2838 2877
2176 17 2856
5543 137 2851
2186 61 2814
2209 31 2805 2819
5582 105 2851
2225 34 2856
2234 14 2856
2231 66 2801 2818 2821 2825
2229 143 2830 2856
2233 36 2801 2809
2236 75 2830 2856
2237 241 2811 2815 2819 2830 2831 2871
2254 6 2805
2249 38 2851
2256 247 2805 2809 2814 2815 2818 2821 2825 2828 2844 2859 2877
2251 25 2814 2815
2255 31 2815
2258 95 2859 2871
2264 58 2834 2856
2289 14 2811
2290 120 2819
2294 9 2856
2297 164 2801 2856 2859 2871
2299 67 2809 2851
2323 111 2815 2838 2859
5714 44 2851
2322 19 2814
2326 252 2819 2859 2871
2328 215 2805 2809 2814 2818 2821 2825 2834 2877
2340 4 2809
2272 31 2877
2364 14 2819
2365 77 2801 2856 2859
2371 124 2815 2830 2856 2877 2880
2369 189 2822
2384 72 2822 2871
2375 49 2828 2880
2379 45 2859
2387 66 2822
5796 191 2851
2398 62 2871
5802 385 2851
2410 34 2825
5814 144 2851
2411 141 2809 2859
5816 84 2851
2113 7 2880
6 302 2843
11 743 2811 2843 2859 2871
21 76 2814
20 187 2828 2877
24 309 2815 2819 2822 2830 2871
28 133 2801
36 227 2831 2834 2871
47 146 2871
58 38 2877
86 122 2809
71 109 2801
87 195 2801
103 68 2851 2871
68 275 2809 2814 2859 2871 2877
122 213 2805 2809 2811 2828 2834
127 132 2811 2877
128 80 2877
147 58 2801 2819
172 123 2819 2830 2859
161 32 2801
163 9 2871
173 334 2871
166 93 2843 2877
4748 38 2822
4813 46 2831
4824 101 2831
4829 78 2822
4894 79 2822
4899 169 2822 2831
4943 31 2851
4948 214 2822 2831
4967 361 2822 2831
4938 12 2822
4970 8 2822
5002 115 2851
5008 27 2831
5009 14 2822
5029 26 2822
5020 139 2822
5079 271 2831
5106 33 2822 2851
546 142 2805 2859 2877
553 22 2871
556 121 2805
582 34 2871
587 18 2877
600 214 2851 2871
634 150 2831 2851 2871
635 66 2801
646 17 2830
644 27 2838 2877
650 98 2830 2880
663 158 2830
695 118 2877
704 81 2809 2811 2814
706 95 2801
707 123 2843
708 51 2815 2818
710 105 2801
722 264 2801 2818 2821 2825 2830 2838 2856 2877 2880
727 32 2877
737 232 2851
749 66 2819
763 68 2871
766 773 2805 2809 2811 2814 2815 2819 2822 2828 2830 2831 2834 2851 2856 2859 2871
769 146 2801 2828
788 113 2877
784 224 2815 2830 2859 2877
789 317 2809 2814 2822 2831
795 60 2877
805 90 2811
813 272 2815 2819 2859 2871
826 249 2805 2809 2815 2819 2830 2838 2856 2880
825 165 2871
841 61 2801 2805 2814 2815 2828 2844 2877 2880
2740 28 2805 2809 2814 2828 2834
3375 43 2859
2746 25 2814 2825 2844
3381 180 2819 2851
2765 29 2819 2859
3388 15 2871
2768 40 2805 2809 2815 2834 2877
3392 33 2822
2774 46 2801
2775 35 2871
3036 7 2819
3402 122 2819 2822 2831
2778 22 2801 2821 2877 2880
3404 89 2819 2822
3390 60 2822
2788 4 2801
2791 15 2877
2802 9 2805
2544 11 2814
2790 173 2838 2856
2792 18 2834 2880
3417 30 2822
3433 9 2811
2804 16 2805
2808 2 2809
2807 5 2809
2654 104 2819 2825 2856 2859
2817 2 2818 2821
3447 271 2822 2831 2871
2819 18 2821 2825
3451 98 2811 2871
2822 43 2834 2856 2880
3439 88 2819 2871
3449 314 2811 2822 2831 2851 2871
3450 27 2871
3453 319 2811 2822 2831 2871
2831 39 2834
3455 68 2871
3452 131 2831 2871
2833 7 2834 2880
3458 69 2871
2830 6 2877
3454 148 2811 2859 2871
2832 50 2811 2834
3457 166 2811 2822 2851 2871
3456 241 2811 2822 2831 2871
2840 14 2877
3461 101 2811
2844 2 2880
3463 56 2811 2871
3462 54 2822 2871
2851 44 2856 2871
3472 15 2811
2855 16 2856
3483 20 2831
2859 139 2871
2866 6 2877
2862 4 2880
3496 10 2859
2863 5 2877 2880
2872 87 2838 2877
2871 282 2815 2819 2880
2875 6 2877
2883 28 2822 2880
2885 5 2880
3522 71 2851
3519 48 2831 2871
2900 29 2815
3541 81 2859
2925 19 2877
2932 62 2877
2933 6 2877
2931 2 2877
2936 8 2815
2935 36 2811 2871
2940 123 2851
3568 147 2822 2831 2859 2871
2948 26 2830 2856
2953 10 2871
2950 13 2815
2958 47 2830 2856
3593 26 2822 2851
2964 70 2859
2972 357 2811 2822 2831 2859 2871
2967 238 2859 2871
2978 6 2830
3607 24 2851
2988 55 2819
3614 205 2822 2831 2859
2987 9 2830
3615 144 2859 2871
2998 3 2830
3624 64 2831 2871
2999 7 2822
3000 43 2819 2856
3631 91 2859
3006 31 2856
3639 12 2871
3010 123 2815
3634 82 2831
