7350 21 6243
5482 12 6229
5487 30 6246
2135 146 6218 6262
2145 145 6221 6299
7402 5 6241
5524 389 6221 6227 6241 6243 6251 6270 6272 6296 6299
5532 26 6229
5531 243 6218 6243 6246 6251 6255 6262 6272 6296 6299
5543 137 6227 6246 6251 6272 6296 6299
5549 10 6229
2186 61 6229 6299
5582 105 6218 6221 6299
5589 11 6218 6246 6296
2215 15 6296
5591 27 6218 6246 6262
2226 28 6299
2231 66 6251
2237 241 6229
5616 15 6229
5617 22 6246
2249 38 6299
2256 247 6296
5630 36 6221 6235 6246 6251 6255 6269 6278
2258 95 6229 6251
5644 21 6251 6255 6262
2264 58 6243
5655 139 6226 6235 6269 6299
7598 33 6241
2294 9 6229
5691 49 6255
5692 21 6299
7614 39 6241
5696 50 6229 6255 6299
5697 230 6218 6221 6227 6246 6251 6255 6262 6270 6272 6296
5704 4 6226
2323 111 6255
5714 44 6229
2322 19 6227
2328 215 6296
7679 26 6241
5760 3 6299
2369 189 6227 6235
5769 4 6299
5768 13 6251
5776 14 6262
5783 23 6255
5773 75 6227 6272
2376 26 6218
5775 42 6270
5772 15 6299
5796 191 6218 6227 6229 6270 6272 6299
5787 32 6229
5800 222 6221 6227 6243 6270 6272 6299
5798 12 6261
5799 23 6218 6296
5802 385 6218 6227 6243 6270 6272 6299
5811 79 6299
5806 83 6243 6296 6299
5805 16 6251
5809 21 6218 6296
5814 144 6221 6299
5812 41 6218 6246 6251 6262 6296
2412 3 6243
5816 84 6221 6246
5820 20 6241
5817 75 6255 6299
5822 98 6251 6299
5818 67 6246 6251 6255 6262 6296
6 302 6227
20 187 6229 6262
24 309 6229 6272
28 133 6251
44 44 6262
47 146 6227
27 102 6246
72 164 6229
87 195 6296
68 275 6229 6262
109 190 6272 6296
136 99 6262 6299
173 334 6269
4746 18 6296
4764 53 6221 6229 6243
4781 27 6246
4879 28 6243
4894 79 6225 6226 6246 6255 6261 6269
4899 169 6246 6251 6299
4924 10 6251
4967 361 6218 6221 6225 6226 6227 6229 6235 6246 6251 6257 6272 6296
4970 8 6229
4988 23 6246
4989 7 6262
4994 19 6299
5002 115 6221 6296
5022 172 6218 6229 6246 6251 6255 6262
5028 43 6218
5020 139 6229 6251 6278
5053 52 6229 6299
5079 271 6221 6272 6299
5106 33 6227
553 22 6299
600 214 6229
634 150 6227
695 118 6251 6262
722 264 6299
737 232 6221 6227 6280 6299
763 68 6262
766 773 6221 6227 6229 6241 6243 6251 6262 6272 6296 6299
769 146 6229
788 113 6255
789 317 6229 6246 6262
825 165 6218 6229 6246 6251
837 4 6229
2744 39 6229 6246 6251
3381 180 6218 6221 6227 6243 6262 6272
2765 29 6227
2790 173 6235 6246 6255
3447 271 6218 6225 6241 6246 6255 6261 6262 6270 6272 6299
3449 314 6218 6229 6246 6251 6262 6296
3453 319 6272 6296
3457 166 6235
3459 92 6221 6272 6299
3469 23 6262
3479 102 6218
3483 20 6251
3478 42 6227
3498 114 6299
2467 4 6221
3522 71 6246
2908 12 6251
3586 156 6226 6227 6251 6270 6272 6296
2972 357 6235 6246 6251 6272
3601 52 6251
3614 205 6227 6229
3635 63 6243
