138 72 1842
2116 20 1888
2115 16 1835
2119 5 1814
2118 113 1847 1888
2120 122 1842 1848
2125 3 1836
2133 129 1808 1835 1836 1842 1847 1888
2135 146 1837
7390 24 1865
2145 145 1814 1847 1888
2156 41 1888
2159 18 1848 1888
2169 32 1836 1842 1888
5531 243 1823
2174 65 1808
2186 61 1808
2193 12 1836
2197 4 1835
2227 4 1808
2231 66 1835
2230 49 1808 1847
2240 108 1842 1888
2229 143 1814 1835
2236 75 1814 1848
2241 14 1888
2242 3 1848
2254 6 1847 1888
2256 247 1808 1814 1847
2257 49 1823
2255 31 1836 1842 1888
2258 95 1842
2274 48 1835 1888
2289 14 1888
2296 2 1888
2293 2 1888
2297 164 1814 1847 1888
2298 48 1837 1888
2295 2 1888
2323 111 1836 1847
2322 19 1835
2328 215 1808 1835 1836 1842 1847
2332 36 1835
2366 7 1835
2371 124 1808 1814 1837 1847
2372 7 1835
7724 2 1865
2393 4 1836
2398 62 1847
2406 2 1842
5802 385 1823
2403 2 1842
2407 4 1842
2414 6 1865
2416 37 1835
5819 61 1823
9 81 1855
6 302 1861 1864
11 743 1802 1805 1811 1816 1835 1836 1842 1847 1848 1849 1855 1857 1858 1859 1861 1864 1880 1884 1888 1893
14 114 1835 1842 1855 1864
20 187 1855 1859
24 309 1808 1814 1816 1835 1836 1837 1842 1855 1858 1880 1893
36 227 1816 1842 1848 1855
38 14 1836
44 44 1855 1857
47 146 1855 1859 1884
48 21 1864
59 94 1808 1836 1842 1893
72 164 1842 1848
75 31 1861 1864 1884
77 25 1816
86 122 1835 1855 1857 1859
71 109 1811 1859
87 195 1847 1855
68 275 1855
109 190 1816
110 95 1836 1842
122 213 1837
113 89 1842 1855
126 25 1855
128 80 1842 1855 1888 1893
132 29 1861 1864
136 99 1893
143 94 1893
172 123 1814
173 334 1802 1805 1808 1811 1836 1842 1848 1849 1855 1880
74 69 1811 1836
178 63 1893
180 54 1858
182 79 1864
188 3 1808
191 13 1842 1855 1893
4781 27 1865
4813 46 1823
4966 25 1865
5022 172 1823
546 142 1808 1816 1836 1837 1842 1847 1849 1858 1884 1893
553 22 1808 1855
559 4 1802
554 6 1842
555 3 1855
556 121 1808 1836 1842 1855 1858 1893
583 26 1859
588 22 1836 1842
600 214 1808 1835 1836 1837 1842 1847 1855 1884
633 55 1859
626 31 1855
634 150 1842
635 66 1861 1864
650 98 1836
664 13 1864
684 2 1833
689 47 1805 1859 1864
686 83 1805 1833 1836 1842 1849 1861 1864 1893
695 118 1842 1855
691 24 1835 1847 1888
706 95 1819 1864 1884
712 19 1855
707 123 1808 1842 1855
708 51 1888
719 4 1811
722 264 1805 1836 1847 1849 1859 1864
727 32 1842 1861 1864
737 232 1823 1865
697 100 1836 1884
759 77 1842 1855
766 773 1808 1814 1836 1837 1842 1847 1858 1888 1893
762 50 1861 1864
769 146 1808 1835 1836 1842 1884
788 113 1836 1859
784 224 1814 1836 1842 1849 1855 1858 1864
789 317 1805 1816 1855 1888
791 41 1884
803 6 1849
805 90 1842 1847 1855 1884
811 3 1864
813 272 1808 1835 1836 1837 1842 1847 1888 1893
820 16 1819 1842
826 249 1805 1814 1816 1836 1837 1842 1849 1880 1893
836 26 1802 1805 1848
825 165 1823
831 12 1811 1855 1858
844 45 1833 1859
3381 180 1823
2768 40 1808
2791 15 1808
2790 173 1814
2796 8 1808
3447 271 1823
2840 14 1808
2871 282 1814
2568 4 1808
2925 19 1808
2935 36 1808
2914 4 1808
3006 31 1814
