138 72 941 971
2117 23 968 993
2118 113 968 993
2120 122 975 993
2127 3 993
2130 8 993
2128 3 993
2129 44 978 993
2133 129 946 947 959 968 993
2135 146 993
2134 14 993
2145 145 947 974
2149 2 975
2156 41 946
5524 389 967
2169 32 946
2172 29 968
2209 31 974
2231 66 968
2240 108 947 974
2229 143 968 974
2233 36 959 968
2236 75 946
2237 241 974
2254 6 946
2249 38 946
2256 247 946 968
2255 31 946 947 959
2274 48 947
5655 139 938
7578 28 967
2290 120 974
5702 10 967
2323 111 959
2326 252 974
2328 215 947 959 968 974 978
7659 6 967
2332 36 968
2272 31 959
2357 12 947
2371 124 959
5800 222 938
2398 62 968 974
7744 50 967
5802 385 938 967
2411 141 974
7769 19 967
25 90 959 994
9 81 904 918 932 972 982
8 182 936 938 977
6 302 904 906 907 913 922 932 936 955 960 963 966 971 972 978 979 983 991 993 995
11 743 904 907 908 913 918 922 929 932 934 935 936 937 941 942 943 945 946 947 955 956 958 959 960 963 968 971 975 978 982 985 989 993 994 999
12 65 937
15 50 974
16 15 982 993
14 114 968
21 76 908 932 960 963
17 45 941 982
20 187 918 941 943 979 981 982 993 994
23 74 904 906 942 945 972 981 989
24 309 908 932 935 945 946 960 993 994 999
28 133 934 958 979 991
35 65 907 960 963 971 978
36 227 908 922 941 945 958 959 972 975 981 982 993 999
38 14 922
43 4 918
41 30 922
46 59 991 993
42 89 907 908 975 993
44 44 908 947 966
47 146 935 958 989 993
29 150 904 918 929 932 934 936 938 942 956 958 966
55 64 918 942 956 958
59 94 928 935 937 959
72 164 943 946 947 959 966 972 975 989 991 993
66 44 977
75 31 928
79 53 930 934 955 958 979
80 59 945
86 122 908 913 918 932 937 972 981 989 991
71 109 908 937 963 971 989
87 195 913 928 932 958 963 978 989 999
90 72 932 958 994
94 80 937
98 8 966
104 30 955
109 190 993
130 13 936
111 29 942 994 995
110 95 904 918 929 930 932 934 936 937 942 945 955 966 972 979 981 989 991
122 213 974
113 89 959 981
126 25 913 956 989
127 132 956 974 978 982
128 80 904 937 960 993
139 37 958
143 94 918 960 972 991 995
147 58 937 958 966 993 994
151 74 906 913 918 930 936 938 941 942 945 955 956 958 966 972 989 994
154 61 958 989
155 28 928
157 44 955 966 994
172 123 975 993
161 32 941 963 978 989
168 9 993
173 334 904 907 908 913 918 922 935 937 941 945 946 947 948 955 958 959 960 971 972 975 979 993 995 999
171 70 904 907 930 960 982
74 69 918 922 937 955 956 958 960 993 995
176 39 922 948 960
177 19 968 972
178 63 906 958 983 993 994
180 54 908
179 17 977 989
166 93 908 959
182 79 966 971 972 977 982 993
187 37 932 977 989
199 17 963
201 21 956
191 13 959
4813 46 967
4948 214 967
545 24 960 978 999
546 142 908 937 946 974
556 121 945 993 999
564 15 906
587 18 922 941 972 991
588 22 922 941 947 959 999
604 8 960
600 214 907 932 946 960 966 999
614 10 938 942 945
618 11 955
620 14 979
633 55 906 982
626 31 960 993
634 150 935 936 938 941 946 948 958 993 999
647 32 985
635 66 937 958 982 991
646 17 963
637 25 937 977
643 46 930 958 972
644 27 908
649 40 995
650 98 922 932 936 955 977 978 982 995
653 2 958
659 14 906 978
664 13 906
663 158 903 922 929 930 934 936 947 966 971 978 979 985 993
639 31 941 943 985 989
674 16 972 981
686 83 937 943 948 956 966 971 978 981 985
699 8 978
695 118 932 958 971 999
691 24 928 937
704 81 908 941 948 974 985 993 999
705 28 906 922 932 941 943 958 978 981
706 95 903 913 963 978 993
712 19 978
707 123 904 907 928 938 941 945 946 948 956 971 977 978 989 991 994 999
708 51 930 937 947 956 958 978 981 991
710 105 937 941 955 960 972 979 989 991 993
696 6 903 930
715 23 978 999
722 264 904 906 908 932 934 935 955 963 974 977 978 989 991 993
730 34 955 958 983 989
737 232 938
738 8 979
742 93 906 941 977 978 993 994
697 100 936 941 960 981 982 993 994
321 27 918 934 938 945 955 958 966 971 972
761 8 989
759 77 906 963 972 979 981 995 999
764 34 946 947
766 773 908 946 960 967 968 974 978
762 50 930 966 979 993
769 146 904 922 941 948 958 959 960 974 978 993
794 18 966 982
788 113 903 904 930 938 956 959 963 974 978
784 224 904 908 937 946 947 948 963 974 982 985 989 993 999
789 317 904 930 937 946 947 959 963 971 972 978 985 989 994 999
791 41 959 981
795 60 960 963 966 993 999
810 34 959 977 989
798 16 978
816 29 993
814 3 979
805 90 941 946 948 960 993 994
813 272 908 937 941 946 947 958 959 968 974 993 994
334 41 918 932 941 945 955 985 989
823 15 955 979
826 249 908 937 946 948 960 968 993
818 2 932
836 26 993
830 3 993
838 36 904 932
844 45 935 936 945 959 966 989
2747 79 974
3379 19 974
3394 156 974
2790 173 974
2804 16 974
3451 98 978
3439 88 974
3470 21 974
2851 44 967
3480 18 978
3482 24 974
3386 12 974
2900 29 974
3562 40 974
2940 123 938
2941 11 974
2967 238 974
3601 52 974
3607 24 974
2998 3 974
3009 51 974
3631 91 978
3010 123 974
