5479 28 5683 5693
5485 21 5673
2118 113 5605
5487 30 5683
2120 122 5638
7378 38 5605
5462 19 5620
2135 146 5651 5683
7390 24 5671
7394 5 5643
5511 3 5693
7405 18 5605
5515 7 5650
5524 389 5605 5614 5626 5671 5684 5697
5531 243 5624 5637 5683
5534 14 5637 5638
7424 4 5605
5528 6 5640
2174 65 5626
5543 137 5624 5684 5697
7449 39 5614 5643
2186 61 5680
5553 46 5637 5693
5562 13 5683
5577 8 5620
5582 105 5624 5626
5589 11 5697
2217 11 5631
5596 30 5697
5591 27 5684
7490 27 5605
5604 7 5623
5608 16 5638 5651 5664 5683
5606 28 5680 5683
2240 108 5605
5612 66 5680 5693 5697
2237 241 5640
7511 16 5614
5396 12 5623 5680
5622 2 5623
2256 247 5638
5624 28 5626
2257 49 5651
2258 95 5693
7544 11 5671
5639 4 5640
5646 2 5639
7564 31 5605 5614
5649 2 5650 5683
2276 32 5638
5655 139 5684 5697
7578 28 5605
5647 8 5683
5661 3 5683
5662 4 5663
5680 4 5694
5691 49 5693
5692 21 5693
5696 50 5624 5626
5697 230 5605 5620 5626 5638 5684
5708 7 5697
5714 44 5684
2328 215 5697
7679 26 5605 5643
7682 36 5643
2365 77 5671
2369 189 5605 5624 5638 5664 5673 5680
7706 2 5671
2384 72 5637 5651 5693
5773 75 5643
2381 71 5697
2379 45 5631
7733 45 5605
5796 191 5605 5655 5684
5787 32 5624
5800 222 5655 5671 5697
7738 6 5671
5798 12 5638 5684
5799 23 5626 5638
5802 385 5605 5614 5638 5671 5697
5809 21 5697
5814 144 5605
5808 6 5684
5812 41 5626 5697
5816 84 5697
5817 75 5697
5818 67 5624 5626
6 302 5697
36 227 5605 5697
53 39 5640
59 94 5624
72 164 5683
66 44 5614
71 109 5671
87 195 5630 5683 5684 5697
103 68 5671
68 275 5605 5620 5637 5639 5655 5671 5680 5697
109 190 5626 5697
122 213 5651
136 99 5683
178 63 5684
199 17 5671
4748 38 5640
4781 27 5624
4792 62 5605
4813 46 5626
4824 101 5639 5650 5651 5680 5693
4843 24 5651
4856 3 5651
4894 79 5620 5640
4899 169 5626 5637 5680 5693
4948 214 5605 5620 5671
4966 25 5683
4967 361 5620 5623 5624 5637 5650 5651 5663 5680 5684 5693 5697
4974 44 5638
4980 16 5637 5639 5651
4976 23 5680
4981 53 5605 5671
4989 7 5697
5012 14 5640
5017 9 5683
5022 172 5624 5626 5638 5684 5697
5037 18 5605 5680
5028 43 5605 5614 5671
5020 139 5620 5630 5638 5640 5651 5697
5053 52 5671
5061 13 5684
5080 3 5651
5079 271 5624 5637 5638 5664 5684 5693 5697
5106 33 5664
546 142 5605 5697
580 30 5651
583 26 5671
608 3 5605
689 47 5637
737 232 5605 5697
749 66 5637
759 77 5673
763 68 5620 5651
766 773 5623 5624 5626 5637 5650 5651 5671 5684 5693
788 113 5620 5638 5684
789 317 5683
805 90 5605
825 165 5620 5623 5640
2744 39 5639 5640 5683
3381 180 5697
3392 33 5605
3393 10 5683
2774 46 5624
2778 22 5683
3390 60 5637 5640 5651 5693
2544 11 5624
2790 173 5697
3447 271 5605 5620 5637 5640 5680 5683 5697
3449 314 5624 5637 5638 5640 5650 5651 5680 5683 5684 5693
3453 319 5605 5637 5638 5650 5651 5680 5693
2831 39 5605
3452 131 5620 5651 5693
3456 241 5605 5639 5640 5684 5697
3461 101 5620 5651 5680 5683 5693
3459 92 5624 5635 5638
3479 102 5637 5693
2855 16 5697
2871 282 5651
3498 114 5637 5651 5683 5693
2883 28 5640
3522 71 5630 5639 5640 5683 5697
2913 11 5697
2909 57 5640 5651
2940 123 5626
3568 147 5620
3586 156 5605 5624 5638 5684
3593 26 5680
2972 357 5626 5637 5638 5639 5663 5693 5694 5697
3601 52 5680
3607 24 5684
2988 55 5651 5684
3614 205 5637 5680 5684 5693
3007 15 5683
3624 64 5637 5684
