5479 28 4276
2118 113 4201 4297 4299
2120 122 4261
2129 44 4234 4290 4299
2135 146 4234 4266
2134 14 4256 4289 4290 4299
2144 23 4218 4266
2145 145 4234 4266 4289
5532 26 4276
2174 65 4231 4269
2186 61 4269
2210 17 4233
2226 28 4266
5600 8 4247
5601 2 4247
5603 3 4247
2240 108 4256
2229 143 4234 4256 4289 4290 4297
5612 66 4276
2237 241 4212 4234 4256 4261 4263 4266 4269 4276 4289 4290 4299
2256 247 4201 4218 4231 4247
5644 21 4276
2264 58 4234 4247 4261
2276 32 4298
2297 164 4233 4263 4269 4299
2298 48 4201 4231 4269 4289 4297
5691 49 4211
2326 252 4201 4233 4235 4247 4256 4263 4269 4290 4297 4298
2328 215 4247 4256 4269
2371 124 4256
2369 189 4219 4276 4297
2384 72 4201 4233 4247 4289
2375 49 4289
2381 71 4201 4247 4269
2379 45 4201 4233 4247 4269
2387 66 4276
5787 32 4276
5800 222 4218
2411 141 4218 4231 4233 4247 4299
11 743 4201 4212 4231 4247 4256 4261 4263 4266 4269 4289 4290 4297 4299
12 65 4233
14 114 4247
24 309 4261 4276 4299
36 227 4201
42 89 4261
47 146 4256
53 39 4235
72 164 4276
86 122 4247
68 275 4201 4211 4212 4231 4247 4290
122 213 4201 4247 4263 4266 4289
127 132 4234 4269
178 63 4297
166 93 4233
182 79 4256
4756 34 4266
4757 6 4266
4748 38 4298
4774 13 4212
4799 2 4212
4798 4 4212
4818 28 4219
4843 24 4247
4862 4 4276
4879 28 4219
4899 169 4219 4247 4297
4929 9 4219
4943 31 4297
4937 17 4298
4948 214 4247 4297
4966 25 4297
4964 60 4297
4967 361 4247 4297
4972 2 4298
4982 43 4247
4988 23 4247
4989 7 4298
4993 4 4297
5006 28 4219
5039 7 4297
5081 5 4247
5079 271 4218 4219 4247
549 4 4256
556 121 4276
582 34 4212 4261
601 9 4234
600 214 4276 4289
633 55 4211
634 150 4290 4297
635 66 4201 4261
663 158 4269
695 118 4201 4269
722 264 4201 4266
737 232 4298
749 66 4289
742 93 4234 4261
697 100 4212 4266
763 68 4297
764 34 4269
766 773 4212 4219 4247 4256 4261 4263 4266 4269 4289 4290 4297 4298 4299
788 113 4201
784 224 4201 4256 4263
789 317 4212 4219 4266 4297
795 60 4289 4297
816 29 4289
805 90 4289
813 272 4256 4263 4269 4289 4290
825 165 4261
3375 43 4299
3367 3 4263
3373 12 4263 4269
2747 79 4233 4247
3394 156 4256 4289 4290 4297 4299
2774 46 4261
2775 35 4266
3402 122 4261 4266 4297 4299
3404 89 4289
2790 173 4212
2811 19 4218
3433 9 4212
3443 20 4234
2654 104 4233
3447 271 4212 4261 4266 4298
3445 21 4247
3451 98 4201 4212 4216 4231 4234 4235 4254 4263 4266 4269 4289 4297
3439 88 4216 4220 4269
3449 314 4212 4247 4261 4297 4299
3453 319 4212 4219 4261 4266 4297 4298 4299
3455 68 4212 4297
3452 131 4201 4212 4266 4297 4298
3454 148 4212 4261 4263 4269 4289 4290 4297 4299
2832 50 4234 4264 4289 4297 4299
3457 166 4290 4298
3456 241 4256 4263 4269 4289 4290 4297 4299
3461 101 4256 4266 4269 4297
3463 56 4212 4261 4266
3462 54 4212 4266
3469 23 4201
3479 102 4233 4263 4269 4289 4299
3480 18 4201
3482 24 4290
2859 139 4234 4256 4290 4297
3478 42 4289
2871 282 4212 4256 4261 4263 4266 4269 4297 4298
2883 28 4211 4247
3519 48 4247 4263
2900 29 4247
3541 81 4256
2912 33 4233
2932 62 4231 4235 4254 4261 4266 4272
3560 16 4299
3562 40 4256
2935 36 4298
2940 123 4201 4218
3568 147 4201 4233 4235 4256 4261 4263 4265 4269 4289 4297 4299
2951 19 4297
2958 47 4256 4290 4299
3586 156 4218
3593 26 4247
3591 13 4299
2964 70 4201 4216 4247 4256 4263 4269 4289 4290
2972 357 4212 4219 4247 4261 4263 4266 4269 4297 4298 4299
2967 238 4201 4212 4219 4220 4233 4234 4247 4256 4261 4263 4266 4269 4289 4290 4297
3601 52 4216 4297
2968 55 4234
3600 12 4219
2989 10 4256
2988 55 4256
3614 205 4201 4233 4256 4290 4297 4298
3615 144 4233 4256 4263 4269 4289 4290 4299
3007 15 4219
3624 64 4290 4299
3625 4 4201
3633 48 4201
3630 32 4299
3631 91 4231 4233 4290 4297
3639 12 4261
3635 63 4201 4233 4247 4256 4265 4290 4297
3634 82 4212 4247
