138 72 719 723 730 746 749 798
5484 22 737
5482 12 737
2119 5 765
2118 113 737 764 765
2120 122 737 764 765
2128 3 764
2133 129 722 765
5462 19 737
2135 146 737 741 762
2144 23 737
2145 145 737
5515 7 737
2156 41 761 762
5521 3 737
2161 3 761
2159 18 764
2160 26 761 762
5526 6 737
2163 2 761
5532 26 737
5531 243 737
5534 14 737
2176 17 762
5543 137 737
2186 61 741
5584 12 737
2225 34 764
2231 66 744
2230 49 744
5606 28 737
2240 108 737
2229 143 762
5612 66 737
2236 75 762 764
2237 241 737 762
5620 7 737
2256 247 741 765 778
2257 49 737 765
2255 31 722
2258 95 762
2274 48 722 744
2297 164 737
2323 111 737
2326 252 762
2328 215 722 744 765
2364 14 762
2365 77 762
2371 124 722 762
2369 189 737
2375 49 741 762 765
2381 71 762
2379 45 762
2387 66 737 762
2407 4 722
2410 34 737
2416 37 762
25 90 706 723 739 756
9 81 715 733 756
8 182 706 715 719 723 725 739 741 749 756 760 761 778 779 798
6 302 700 704 717 723 730 733 739 741 761 765 779 789 791 798
10 86 700 706 715 719 725 739 741 743 746 748 750 756 760 761 765 778 779
11 743 700 705 706 707 710 715 717 719 722 723 725 730 733 739 741 743 744 746 748 749 750 756 760 761 762 763 764 765 771 779 791 793 798
12 65 706 725 748 756 765 793
15 50 737 756 762
16 15 749 789
14 114 797
21 76 723 725 760 765 789 794
17 45 739 750 756
20 187 700 704 706 707 722 723 746 749 756 765
23 74 700 706 715 725 760 765 794
24 309 706 707 710 719 722 739 742 750 756 760 762 763 769
28 133 715 723 725 730 739 741 743 746 748 750 756 789 798
37 20 762
36 227 704 707 710 719 722 730 733 737 762
39 41 706 756 779 793
26 95 756
41 30 756
46 59 704 715 749
42 89 710 743 748 756
51 24 739 750 756 791
47 146 704 739 756 761 789
56 24 750 762
49 15 749 762
29 150 700 704 715 719 722 730 733 739 756 761 789
55 64 714 730 733 739 761 784 793 795
59 94 723 733 763
57 13 756 789
27 102 700 719 737 741 743 746 748
72 164 704 714 719 730 733 739 756 761 762 789 794
66 44 756 784
75 31 739 756 771
79 53 704 733 756 784 789
78 41 793
77 25 700
80 59 719 723 725 730 733 739 746 756 779 789 798
67 17 756
89 29 756
86 122 719 733 750 756 761 762 794 795
71 109 706 762 789
87 195 704 737 756 761 762 765 771 789
90 72 733 737 749 750 756 761
94 80 715 739 756 779 789 798
103 68 700 719 739 741 746 761
116 2 756
68 275 700 762 771
130 13 733
111 29 730
110 95 705 722 730 733 744 789 794
122 213 737 765
113 89 722 744 762
126 25 733 742 756 789
127 132 700 737 762
128 80 730 761
132 29 730 756 791
136 99 739 761
142 25 700
139 37 741 743 748 756 760 793
143 94 704 710 762
145 18 717 769
147 58 704 737 794 798
151 74 707 719 723 733 749 762
154 61 733 750 795
157 44 704 707 743 756 762
172 123 743 744 756 761 762
168 9 742 789
173 334 704 733 742 762 763 764 769 771 789 794
171 70 705 762
74 69 710 749 769 784 789 794
176 39 710
177 19 739
178 63 704 719 723 730 741 798
179 17 739 756 761
166 93 733 789
182 79 723 750 762
187 37 706 733 739 760 761 779
197 11 741
201 21 705 706 760
204 12 756
4796 4 737
4781 27 737
4792 62 737
4813 46 737
4818 28 737
4824 101 737
4829 78 737
4846 34 737
4943 31 737
4948 214 737
4964 60 737
4967 361 737
4938 12 737
4974 44 737
4988 23 737
5002 115 737
5008 27 737
5029 26 737
5069 5 737
5079 271 737
545 24 710
546 142 761 762 763 764
549 4 714
553 22 769
560 8 748 750 760
556 121 710 722 730 733 769
564 15 730 739 756 761
575 3 765
582 34 762
583 26 737 762 789
586 13 733
587 18 704 794
604 8 725 746
600 214 704 706 722 723 730 733 739 742 746 749 750 760 762 763 769 794 798
614 10 715 798
615 35 700 719 739 750 756 760 761
618 11 715
620 14 730 739 741 778
633 55 704 706 746 749 760 769 789 798
626 31 707 733
634 150 705 737
647 32 739
635 66 704 710 714 722 730 741 779
646 17 762
636 11 715 739 750
637 25 742 762 789
643 46 715 719 725 733 746 749 750 756 798
644 27 762
649 40 705 714 715 719 723 730 741 778 779 789 793 794 798
650 98 700 714 733 748 762 765 779 794 798
645 16 706
651 2 714
659 14 761
664 13 749 797
663 158 700 704 707 710 715 719 725 730 737 739 743 746 750 756 760 761 762 769 789 794 798
639 31 719 749 760 761 794
674 16 733 749
677 2 760
684 2 756
689 47 749 789 798
686 83 710 769
688 5 743
695 118 704 730 733 737 756 761 762 769 789
704 81 714 723 762 765 789
705 28 710 714 795
706 95 710 714 741 748 761 765 778 789
712 19 714 795
707 123 710 714 742 762 769 784 794 795
713 4 714
708 51 707 714 764 784 789
710 105 704 707 714 762 769 784 789 795
696 6 714
715 23 719
719 4 715 723
722 264 719 723 733 737 739 746 748 760 761 762 763 765 769 784 789
726 2 739 756
725 6 749 789
724 4 725 741
728 5 706 739 756
732 4 739
727 32 737 739
730 34 704 733 739 743 749 750
733 8 739
737 232 739
745 2 746 750
738 8 739 748
749 66 730 750 789 798
742 93 704 707 722 762 769 789
697 100 704 705 730 742 748 789 794
754 2 756
321 27 704 750 769
758 2 760
759 77 704 730 760 762 763 769 789
763 68 733 765
764 34 762 765
766 773 706 722 737 741 749 762 765 789
762 50 704 789
769 146 707 710 722 742 749
772 3 798
794 18 723 789 795
788 113 705 707 733 742 761 762 769
782 9 749 798
780 2 771
784 224 704 705 707 710 762 765 789
789 317 704 705 710 717 722 730 749 762 769 784 794 795 798
791 41 769 793 794
792 2 733 793
795 60 704 723 789 794
796 6 742 797 798
810 34 704 705 791
802 4 769
797 5 798
816 29 742 763 784 797
801 6 749
804 6 749
805 90 704 710 749 789
813 272 704 722 733 762 763
334 41 704 741 789
823 15 789
826 249 761 765
836 26 763 765
825 165 737
838 36 730
844 45 730 794 795
841 61 765
2740 28 765
3375 43 737
3378 41 737 762
3394 156 737 762 778
2765 29 762 765
3388 15 737 762
2762 3 762
3402 122 762
2778 22 762
3404 89 737
2802 9 765
2790 173 741 762
2792 18 765
3417 30 762
3443 20 762
2654 104 762
3447 271 737
2822 43 737 762 765
2758 2 765
3449 314 737 762
3453 319 737
3452 131 737 762
3458 69 737
3454 148 737 762
2832 50 762
3456 241 737
2851 44 737
3469 23 737
2859 139 741 762 778
2872 87 762 778
2871 282 737 762
3498 114 737
3519 48 737
2889 14 737
3527 64 778
3541 81 762
2909 57 737
2932 62 762
2940 123 762
3568 147 737
2948 26 762
2972 357 737 778
2967 238 762
3601 52 737
2968 55 762
2974 15 762
3607 24 762
2988 55 737
3614 205 737
3615 144 762 778
3009 51 762
3631 91 737 762
3006 31 762
3639 12 762
3634 82 737
