5484 22 4781
2117 23 4735
2118 113 4735
2120 122 4735 4780
2129 44 4735
2135 146 4712 4735 4748 4777
2144 23 4735
2145 145 4735 4792 4798
5524 389 4709 4712 4713 4715 4717 4748 4764 4781 4798
2171 16 4713
5531 243 4709 4712 4713 4748 4764 4781 4791
5193 18 4712 4717
5528 6 4777
5543 137 4715 4764 4781
2210 17 4735
5582 105 4709 4713 4717 4748 4795
2215 15 4735
2223 15 4798
5603 3 4797
5608 16 4795
5612 66 4798
2237 241 4719 4735 4781 4796
2246 8 4735
5616 15 4712
5617 22 4781
5396 12 4777
5626 4 4798
5622 2 4777
2256 247 4735 4780 4795 4797 4798
5627 3 4777
5624 28 4717
2257 49 4719
5630 36 4712 4748 4781
2258 95 4712 4715 4781
5644 21 4795
2264 58 4706 4712 4797
2276 32 4795
5655 139 4712 4717 4786 4791
5680 4 4795
2297 164 4706
5691 49 4797
5696 50 4712 4715 4781
5697 230 4709 4712 4713 4717 4748 4764 4791 4795 4798
5714 44 4715
2326 252 4735
2328 215 4709 4712 4717 4791 4795
5739 45 4748
5753 4 4712
2365 77 4719 4735
2369 189 4712 4791 4795
5768 13 4791
2384 72 4781 4797
2375 49 4712
5775 42 4709
2381 71 4735
2387 66 4712
5796 191 4709 4712 4715 4717 4748 4764 4795
5787 32 4781
5800 222 4712 4764 4791
2398 62 4735
5798 12 4715 4795 4798
5799 23 4715 4786 4795 4798
5802 385 4709 4712 4713 4717 4748 4764 4786 4791 4795 4798
5804 33 4712 4715
5811 79 4713 4748 4791
5806 83 4795
5814 144 4709 4712 4791
5810 29 4712 4791
5816 84 4715
5817 75 4791 4795 4798
5822 98 4786 4791
5818 67 4713 4764 4798
6 302 4792
11 743 4706 4709 4719 4796
24 309 4706 4709 4712 4792 4796
37 20 4735
36 227 4712 4717 4781
42 89 4709
44 44 4795
47 146 4735
53 39 4735 4764
27 102 4715
86 122 4719
71 109 4735 4780
87 195 4712 4715 4735 4748
90 72 4735
68 275 4791 4795
120 8 4795
109 190 4709 4712 4715 4717 4748 4786 4795 4798
122 213 4712 4719
127 132 4735
136 99 4713 4717 4786 4795
172 123 4798
173 334 4709
178 63 4715
4746 18 4735 4792
4741 3 4735
4749 3 4706
4756 34 4776 4796
4748 38 4776
4764 53 4712 4717
4774 13 4776 4796
4777 2 4778
4786 3 4791 4796
4788 20 4764 4791 4796
4789 2 4796
4792 62 4706 4777 4796
4799 2 4798
4793 2 4796
4814 20 4777 4797
4813 46 4709 4713 4748 4795
4824 101 4706 4777 4781 4792 4795 4797
4829 78 4712
4825 2 4706
4859 30 4717 4792
4881 4 4795
4894 79 4786
4899 169 4717 4748 4781
4937 17 4792
4948 214 4712 4792 4797
4966 25 4797
4960 8 4748
4964 60 4715
4967 361 4709 4712 4713 4715 4717 4748 4764 4781 4791 4795 4798
4980 16 4777
4981 53 4712
4982 43 4712
5002 115 4709 4713 4792
5006 28 4797
5022 172 4709 4748 4791 4795
5029 26 4712
5037 18 4712
5028 43 4781
5020 139 4777
5061 13 4786
5068 10 4712
5079 271 4712 4715 4717 4748 4777 4795 4798
5089 8 4795
546 142 4712 4719 4795
553 22 4712
556 121 4735
564 15 4735
580 30 4709
582 34 4728 4735 4796
600 214 4709
634 150 4748
637 25 4712
643 46 4735
695 118 4712 4735
710 105 4735
722 264 4735 4797 4798
737 232 4712 4713 4791
749 66 4715
697 100 4735
759 77 4777
763 68 4712
766 773 4706 4709 4712 4713 4715 4717 4719 4735 4748 4764 4777 4780 4781 4792 4795 4797 4798
788 113 4786 4795 4798
789 317 4706 4712 4715 4717 4792 4797
795 60 4735
813 272 4712 4735 4781
825 165 4735 4783
2744 39 4709
2747 79 4735
3378 41 4735 4781
3381 180 4709 4713 4764
3380 42 4795
3394 156 4719 4735 4783
2765 29 4719
2774 46 4735
2775 35 4717
3402 122 4719 4735 4792 4796
3404 89 4712
3390 60 4706
2790 173 4778
3447 271 4712 4713 4715 4717 4735 4776 4777 4778 4780 4783 4792 4795 4796 4797
3445 21 4712 4797
3451 98 4735 4776 4778 4780 4796 4797
3439 88 4712
3449 314 4706 4712 4715 4717 4719 4735 4776 4777 4781 4792 4795 4796 4797 4798
3453 319 4706 4709 4712 4717 4719 4728 4735 4748 4776 4792 4795 4796 4797
3455 68 4735 4792 4797
3452 131 4706 4712 4719 4792
3458 69 4795
3454 148 4719 4735 4796
2832 50 4713 4728 4735 4780 4783
3457 166 4706 4719 4778 4781
3460 22 4791
3456 241 4706 4709 4712 4715 4719 4735 4792 4795 4798
3461 101 4713 4777 4778 4779 4795
3459 92 4712 4764
3463 56 4706 4719 4735 4796
3462 54 4712 4776 4796
3466 17 4735
3480 18 4735
2859 139 4719 4728 4780
3478 42 4781 4797
2871 282 4706 4719 4777 4780 4792
3498 114 4712 4735
2889 14 4712
3521 29 4735
2903 8 4735 4796
2909 57 4712 4735
3508 11 4735
2917 2 4735
2932 62 4735
2935 36 4719 4735 4792 4797
2914 4 4792
3568 147 4706 4712 4735
2958 47 4735
3586 156 4709 4712 4748 4795
2972 357 4706 4712 4717 4719 4735 4748 4780 4792 4795 4796 4797
2967 238 4706 4719 4735 4792 4796
3601 52 4795 4797
2968 55 4735
3603 12 4792
3607 24 4781
2988 55 4717
3614 205 4712 4715 4781 4792
3615 144 4798
3000 43 4748
3631 91 4735
3010 123 4712 4764
