138 72 1413
2111 4 1407
5485 21 1473
5489 12 1473
2118 113 1492
2120 122 1492
2133 129 1419 1492
2135 146 1419 1453 1473
2156 41 1492
5524 389 1403 1498
2159 18 1444
2160 26 1416
5531 243 1403 1473
5552 8 1473
2186 61 1403 1419
2193 12 1492
2209 31 1416
2215 15 1444
5600 8 1473
2225 34 1492
2231 66 1492
2230 49 1419
5606 28 1473
2240 108 1492
2229 143 1416 1437
2233 36 1492
2236 75 1416
2237 241 1416
2241 14 1492
5616 15 1403 1473
2249 38 1403
2256 247 1419
2255 31 1492
2264 58 1403 1473
2274 48 1437 1492
7578 28 1498
2287 4 1492
2286 6 1492
2297 164 1416
2323 111 1492
5714 44 1473
2326 252 1453
2328 215 1492
7650 2 1498
2272 31 1492
7675 25 1498
2357 12 1492
2365 77 1453
2371 124 1416 1437 1453 1492
5763 4 1473
2369 189 1493
2384 72 1416
2375 49 1419
5772 15 1493
5796 191 1498
5800 222 1403 1498
5802 385 1403 1498
5811 79 1403
2306 4 1492
2410 34 1492
2413 2 1492
5814 144 1403
2411 141 1419 1453 1492
2412 3 1492
7768 11 1498
5819 61 1493
30 5 1412
6 302 1428 1439 1441 1442 1446 1453 1464 1465 1468 1471 1472 1476 1478 1484 1485 1487 1489 1490 1497
7 24 1425 1471
11 743 1402 1407 1411 1412 1413 1418 1420 1425 1428 1435 1437 1439 1441 1442 1444 1446 1453 1464 1465 1468 1471 1476 1482 1484 1485 1486 1487 1489 1490 1492 1496 1497
12 65 1464
16 15 1412
22 2 1407
14 114 1496
21 76 1476
20 187 1402
23 74 1478
24 309 1416 1419 1439 1442 1473 1482 1497
28 133 1428
35 65 1413 1418 1439 1446 1465 1468 1476 1484
36 227 1402 1413 1416 1468 1489
46 59 1425
42 89 1464 1465 1476 1497
45 8 1441
47 146 1420 1453
55 64 1432
59 94 1416 1464 1476 1484
78 41 1464
89 29 1425
86 122 1432
71 109 1453 1465 1497
87 195 1411 1413 1484
90 72 1468
99 24 1498
31 15 1402
102 5 1437
68 275 1437 1498
109 190 1425 1468
111 29 1413
110 95 1492
122 213 1419 1453
113 89 1413 1453 1490
127 132 1425 1464
128 80 1416 1428 1476 1485 1496
136 99 1493
143 94 1413 1439 1476
145 18 1484 1485
147 58 1407 1453
151 74 1416 1471 1489
154 61 1413 1464
157 44 1487
158 7 1439
161 32 1418 1425 1435 1484
173 334 1402 1407 1412 1413 1428 1439 1444 1446 1464 1465 1468 1471 1476 1482 1489 1490 1496
171 70 1402 1413 1464 1476 1484 1487
176 39 1413 1428 1464 1465 1468 1476
194 5 1497
178 63 1482
180 54 1425 1464 1476
166 93 1484 1493
182 79 1416 1464 1473 1484
199 17 1407 1412 1471
4824 101 1473
4843 24 1473
4948 214 1473 1498
4967 361 1403 1473
5002 115 1403
5022 172 1493
5079 271 1473
5106 33 1403
5090 3 1403
545 24 1402 1420
546 142 1407 1482
556 121 1442 1473 1497
587 18 1425 1439
588 22 1425 1439 1492
601 9 1413 1468 1476
600 214 1407 1471 1473 1476 1484 1497
633 55 1425
626 31 1425 1464 1468
634 150 1403 1476 1486
647 32 1497
635 66 1437 1453
646 17 1412 1425 1484
643 46 1413
649 40 1453
650 98 1413 1418 1419 1453
664 13 1489
663 158 1496 1498
639 31 1453 1484
689 47 1413
686 83 1402 1413 1418 1420 1476 1489
695 118 1411 1497
691 24 1487
704 81 1413 1453 1471
705 28 1413
706 95 1411 1435 1442 1471 1478 1486 1489 1496
712 19 1428 1496
707 123 1402 1428 1471 1476 1484 1486 1489 1490 1496 1497
710 105 1413 1428 1439 1496
722 264 1402 1420 1441 1442 1453 1473 1485
727 32 1497
730 34 1435
733 8 1464
737 232 1403 1493
749 66 1407 1425
742 93 1413 1425 1476
697 100 1413 1473 1476
761 8 1484
759 77 1416 1425
763 68 1407 1464
764 34 1492
766 773 1403 1416 1419 1428 1437 1473 1492 1496
762 50 1453 1476
769 146 1413 1418 1428 1432 1453 1465 1473 1476
788 113 1411 1453 1492
784 224 1411 1420 1453 1464 1465 1485
789 317 1413 1428 1453 1468 1473 1476 1497
791 41 1428 1468
795 60 1413 1420
816 29 1453 1497
803 6 1420 1437
805 90 1402 1413 1425 1453 1468 1476 1496 1497
813 272 1413 1419 1428 1437 1444 1471 1476 1482 1492 1496
334 41 1413
826 249 1416 1428 1437 1441 1444 1471 1482 1484 1487 1490 1492 1496 1497
836 26 1428 1442
831 12 1413
844 45 1468
3381 180 1403
2768 40 1419
2774 46 1403 1416
3390 60 1473
2790 173 1453
2792 18 1419
2654 104 1416 1453
3449 314 1473
3453 319 1473
3452 131 1403 1473
2833 7 1419
3458 69 1473
3457 166 1498
2838 21 1419
3456 241 1498
2840 14 1419
2839 5 1419
3462 54 1473
2859 139 1453
3478 42 1473
3488 16 1473
2872 87 1437 1453
2871 282 1416 1453
3498 114 1473
2880 2 1453
2883 28 1416
3527 64 1403 1453
2904 18 1416
3541 81 1453
2912 33 1416
3568 147 1453
3569 42 1453
2948 26 1416 1437
3593 26 1403
2964 70 1437
2968 55 1416
2983 28 1493
2988 55 1473 1493
3614 205 1473
3615 144 1453
3624 64 1473
3635 63 1453
