7350 21 8224
5482 12 8212
5485 21 8296
2118 113 8290
2120 122 8225 8290
2129 44 8293 8294
2133 129 8290 8291
5462 19 8296
7357 9 8204 8219
7386 25 8249 8275 8277
2139 3 8290
7391 52 8209 8212 8224 8249
2144 23 8294
2145 145 8290 8293 8297
2156 41 8290 8291
5524 389 8209 8219 8224 8295 8297
2161 3 8290
2159 18 8290
2160 26 8290
7393 12 8237
2169 32 8290 8291 8292
5532 26 8295
5531 243 8295 8297
5534 14 8295
2174 65 8291
7449 39 8219 8224
5582 105 8297
5596 30 8295
2223 15 8294
2226 28 8291
2234 14 8293
2240 108 8290 8291 8293 8294
5612 66 8295
2236 75 8291
2237 241 8293
2250 3 8291
2256 247 8291 8293 8294
2251 25 8291
5624 28 8295
2258 95 8294
2153 4 8291
7544 11 8226
5644 21 8295
7564 31 8219
2278 4 8291
5655 139 8224 8225 8249
2277 8 8291
2282 5 8290
2290 120 8293
2297 164 8209 8293
2299 67 8294
5691 49 8295
5696 50 8295
2314 3 8293
2309 3 8293
2319 3 8293
2318 2 8293
2316 3 8293
2317 2 8293
2321 3 8293
2323 111 8294 8295
2320 2 8293
2326 252 8293 8294
2328 215 8291 8293 8294
2332 36 8293
5741 13 8224
7677 12 8224
7675 25 8212
7679 26 8219 8235
7682 36 8209
2357 12 8290
7685 13 8219
7695 3 8224
2369 189 8212 8224 8295
5768 13 8295
5776 14 8295
2384 72 8293
2376 26 8246
2381 71 8292 8294
5800 222 8219 8246 8249 8271 8297
2398 62 8293
7744 50 8209 8219 8225 8249 8263
5802 385 8209 8212 8219 8225 8297
5811 79 8295
5806 83 8224 8275 8295
5814 144 8246 8295 8297
2411 141 8293 8294
5812 41 8295
5816 84 8295 8297
5817 75 8297
2416 37 8291
5822 98 8275 8295
5818 67 8249 8295
25 90 8282 8284
3 23 8283
4 29 8282
8 182 8284
6 302 8282 8290
7 24 8283 8287
11 743 8286 8287 8290 8291 8293
12 65 8287 8291
15 50 8287 8292
14 114 8285 8287
20 187 8288
23 74 8288
28 133 8282 8284 8285
36 227 8282
26 95 8282
46 59 8287
42 89 8287
44 44 8295
47 146 8212 8282 8294
56 24 8287 8290
29 150 8294
58 38 8237
72 164 8295
75 31 8284 8285
79 53 8284 8287
78 41 8287
81 18 8287
83 8 8287
86 122 8291
87 195 8212 8287
90 72 8287
99 24 8237
94 80 8282
31 15 8285 8286 8287
104 30 8287
68 275 8287 8293 8295
108 2 8283
107 4 8287
109 190 8237 8291 8297
110 95 8285 8287 8288
122 213 8293 8294
121 9 8283 8285
113 89 8285 8287 8292
124 3 8283
127 132 8293 8294
128 80 8290 8291 8292
139 37 8288
147 58 8295
151 74 8288
154 61 8282
152 21 8287
172 123 8291 8293
173 334 8290 8291
74 69 8290
178 63 8288
166 93 8294
187 37 8291
4894 79 8295 8296
4915 6 8224
4948 214 8209 8212 8219 8237
4967 361 8295 8296
4980 16 8295
5022 172 8295 8297
5020 139 8295
5079 271 8224 8277 8295
5106 33 8212 8219
546 142 8290 8291 8292
600 214 8212 8219
620 14 8289
634 150 8288
686 83 8288 8290
695 118 8292
705 28 8289
706 95 8291
710 105 8289 8292
722 264 8292
737 232 8204 8212 8297
759 77 8293
764 34 8290
766 773 8293 8294
769 146 8294
788 113 8295
784 224 8209 8290 8291 8292 8293
789 317 8290 8291 8295
813 272 8293 8294
826 249 8290
825 165 8246 8293
3380 42 8209 8219
3394 156 8294
3036 7 8293
3404 89 8263 8293
3422 3 8293
2791 15 8293
3425 2 8293
2790 173 8293
3417 30 8293
2654 104 8294
3447 271 8295
3451 98 8294
2822 43 8292
3439 88 8295
3449 314 8295
3454 148 8293 8294
3456 241 8295
3461 101 8295 8296
3470 21 8293
2851 44 8212
3477 53 8294
2859 139 8293 8294
3492 3 8293
3496 10 8293
3490 2 8293
3495 3 8293
2872 87 8293 8294
2871 282 8293 8294
3491 2 8293
3498 114 8293 8294
2524 7 8293
3499 3 8293
2467 4 8293
3518 6 8294
2909 57 8294
3562 40 8294
3568 147 8294
2948 26 8293
3586 156 8295
3591 13 8294
2964 70 8293 8294
2972 357 8294 8295
2967 238 8293 8294
2974 15 8293
2983 28 8212 8224 8237 8249
3615 144 8293 8294
3000 43 8297
3633 48 8294
3631 91 8293 8295
3010 123 8293 8294
