5479 28 5233
7362 8 5233
5487 30 5262
7379 7 5289
2135 146 5222 5254
7199 2 5233
7357 9 5233
7383 2 5233
7391 52 5210 5246
2144 23 5285
2145 145 5200 5210 5226 5254 5273 5288
5516 2 5285
5524 389 5200 5210 5233 5246 5254 5262 5273 5288 5289 5295
2160 26 5254
5526 6 5254
5532 26 5254 5295
5531 243 5210 5226 5233 5254 5262 5273 5288 5295
5543 137 5200 5233 5262 5273 5295
5549 10 5254
2188 3 5254
5553 46 5233
5582 105 5200 5288
5589 11 5233
5584 12 5254
5591 27 5254
5604 7 5226
7502 3 5289
2240 108 5254
5612 66 5226 5233 5254 5295
2237 241 5262
5616 15 5254
5617 22 5233
5396 12 5200
2249 38 5233
2256 247 5200 5233
2257 49 5239
5630 36 5254 5262 5263
2258 95 5200 5226 5233 5273
5644 21 5233
2264 58 5254 5289
2276 32 5254
5655 139 5200 5254 5273 5289 5295
5658 10 5233
5657 2 5254
5647 8 5285
7579 9 5210
2294 9 5254
7608 2 5210
2299 67 5215 5226 5246
5691 49 5263
5692 21 5288
5696 50 5200 5233 5254
5702 10 5210
5697 230 5200 5210 5226 5233 5254 5262 5273 5288 5295
5708 7 5254
5714 44 5200 5226
5721 10 5262
7649 10 5210
5720 3 5263
5722 3 5263
5738 14 5263
5739 45 5210 5254 5262 5263
5741 13 5254
7682 36 5210
2365 77 5285
5761 9 5226
2369 189 5208 5210 5215 5226 5231 5233 5254 5255
5769 4 5226
5768 13 5262
5770 6 5226
2384 72 5226
2375 49 5233
5773 75 5288 5295
2376 26 5233 5262
5775 42 5288
2381 71 5254
5772 15 5288
7727 30 5246
7733 45 5246
2387 66 5204 5226 5239 5263
5796 191 5200 5210 5246 5254 5262 5273 5288 5295 5298
5800 222 5210 5233
5799 23 5200
5802 385 5200 5210 5233 5254 5273 5288 5289
5811 79 5210 5295
5806 83 5210 5233 5289
5814 144 5200 5210 5254 5262 5288
5808 6 5200
5812 41 5200 5295
5810 29 5233 5254
5816 84 5233 5254 5273 5295
5817 75 5254 5288
5819 61 5254 5273
5822 98 5210 5254 5289
5818 67 5233 5262 5263 5273 5295
30 5 5254
24 309 5254
44 44 5254
47 146 5254
58 38 5254
27 102 5210 5254
72 164 5254
71 109 5254
87 195 5200 5210 5254
68 275 5210 5226 5233 5245 5254 5262 5288
109 190 5200 5210 5254 5273 5295
122 213 5254
127 132 5254
143 94 5288
173 334 5254
166 93 5210 5246 5254 5288
4756 34 5233
4748 38 5204
4764 53 5200 5254 5273
4777 2 5285
4796 4 5226
4792 62 5254 5273 5298
4814 20 5226
4813 46 5200 5204
4824 101 5215 5226 5285 5288 5289 5296
4829 78 5245 5288 5295
4843 24 5254
4859 30 5222
4846 34 5239
4862 4 5254
4874 3 5210
4879 28 5289
4894 79 5210 5215
4899 169 5200 5204 5222 5233 5239 5245 5262
4924 10 5262
4915 6 5200
4948 214 5200 5204 5210 5215 5222 5226 5239 5255 5263 5288
4964 60 5200 5204 5222 5262 5273
4967 361 5200 5204 5210 5222 5226 5239 5254 5262 5273
4938 12 5222
4974 44 5204 5215 5239
4980 16 5285
4976 23 5215
4982 43 5222 5254 5288
5002 115 5204 5210 5233 5239 5254 5263 5273
5006 28 5208 5210 5215 5288
5011 10 5254 5285
5009 14 5222 5239
5017 9 5233 5254
5013 7 5288
5022 172 5210 5233 5254 5262 5263
5037 18 5295
5028 43 5254
5020 139 5204 5208 5233 5240 5245 5255 5271 5285 5288 5296
5048 6 5233
5053 52 5262
5061 13 5215
5079 271 5200 5204 5208 5215 5226 5233 5254 5262 5263 5273 5289
5106 33 5210
5089 8 5262
5095 3 5295
546 142 5254 5273 5295 5298
553 22 5254
600 214 5226 5254
634 150 5200 5233 5288
637 25 5254
663 158 5204
686 83 5233
695 118 5233
704 81 5204
722 264 5263
737 232 5210 5233 5239 5246 5254 5273 5288 5295
749 66 5239 5254
697 100 5215
763 68 5222 5288
766 773 5200 5204 5215 5222 5226 5239 5245 5254 5262 5273
769 146 5210 5254
788 113 5200 5233
789 317 5204 5210 5222 5239 5254 5288
791 41 5254
816 29 5254
825 165 5233 5262 5263
841 61 5204 5215 5222
3375 43 5285
2744 39 5254 5263
2752 7 5254
3381 180 5200 5254 5288 5289 5295
3394 156 5204
3389 2 5210
3403 3 5254
2774 46 5262
2775 35 5273
3402 122 5204 5222
3404 89 5255
3390 60 5226 5263
2790 173 5254 5263
3447 271 5200 5204 5226 5255 5262 5273 5288 5295
3439 88 5210 5254
3449 314 5204 5215 5222 5226 5239 5262 5288
3453 319 5200 5204 5208 5210 5215 5222 5226 5233 5239 5254 5263 5273
2831 39 5262
3452 131 5288
3457 166 5215 5239 5288 5289
3460 22 5210 5289
3456 241 5200 5204 5210 5226 5246 5254 5295
3461 101 5215
3459 92 5226 5254 5262
3463 56 5204 5239
3462 54 5254
2851 44 5254 5288
2855 16 5210
3483 20 5263
3478 42 5226 5288
2871 282 5204 5210 5222 5285 5288
3498 114 5254 5285
2524 7 5246
2883 28 5226
3522 71 5233 5254
3527 64 5288
2905 4 5254
2908 12 5233
2909 57 5222
3556 14 5204 5222
2940 123 5233 5298
3568 147 5200 5254 5262
3586 156 5200 5210 5254 5298
2972 357 5204 5208 5210 5222 5226 5233 5239 5245 5254 5262 5273 5295 5298
3603 12 5254
3607 24 5233
2988 55 5226 5262
3614 205 5222 5226 5239 5245
3615 144 5210
2995 10 5215
3000 43 5210
3631 91 5254
3010 123 5222
