2120 122 4179
2129 44 4138
5495 4 4191
2135 146 4124 4179 4191
2134 14 4191
2145 145 4191
5515 7 4191
5516 2 4191
5524 389 4134 4191
5520 2 4191
5521 3 4191
5526 6 4191
5527 2 4191
5532 26 4191
5531 243 4134 4175 4191
5528 6 4191
5543 137 4134
2196 3 4179
5596 30 4134
2240 108 4183
2229 143 4191
5612 66 4134
2237 241 4103 4124 4191
2256 247 4110 4111 4173 4179 4181
2257 49 4191
2264 58 4124
2276 32 4110
2289 14 4124
2290 120 4110 4191
2297 164 4103 4124 4162 4179 4191
5684 18 4175
2298 48 4199
2299 67 4138
5697 230 4134 4175
2323 111 4103 4179 4191
5714 44 4175
2326 252 4110 4117 4124 4138 4162 4173 4179 4181 4183 4188 4189 4191
2328 215 4134 4162
2342 5 4191
2365 77 4110
2371 124 4124
2369 189 4124 4191
2376 26 4191
2381 71 4110 4191
2379 45 4110 4162 4179
5796 191 4134
5800 222 4134
2398 62 4191
2411 141 4110 4124
5817 75 4134
5819 61 4175
6 302 4134
11 743 4103 4124 4162 4179
14 114 4179
20 187 4179
47 146 4189
53 39 4162 4183 4191
29 150 4103
27 102 4189 4191
87 195 4110 4124 4191
90 72 4191
103 68 4191
68 275 4111 4124 4162 4179
122 213 4117 4162 4191
127 132 4179
136 99 4191
173 334 4124
166 93 4191
4746 18 4124
4774 13 4103
4798 4 4103
4814 20 4189
4818 28 4124 4191
4829 78 4124 4127
4833 6 4124
4859 30 4124 4191
4846 34 4189 4191
4894 79 4191
4899 169 4124
4943 31 4124
4937 17 4124 4191
4947 10 4124
4948 214 4124 4191
4964 60 4124
4967 361 4124 4127 4134 4175
4973 8 4124
4976 23 4191
4981 53 4191
4993 4 4124
4994 19 4191
5006 28 4124
5012 14 4124
5008 27 4191
5011 10 4191
5022 172 4134
5036 4 4124
5046 2 4124 4191
5051 8 4175
5048 6 4124
5053 52 4175
5069 5 4127
5079 271 4134
546 142 4173 4191 4199
556 121 4124
600 214 4191
634 150 4175
643 46 4117 4179
722 264 4103
727 32 4191
749 66 4124
759 77 4191
766 773 4103 4110 4124 4134 4138 4162 4175 4179 4189 4191
769 146 4110
784 224 4103 4179
789 317 4103 4124 4191
813 272 4124 4138 4162 4179 4181
820 16 4110
334 41 4179
825 165 4103 4110 4124 4173 4191
844 45 4110
2744 39 4175
3373 12 4162 4179 4191
2747 79 4191 4199
3378 41 4162 4179
3394 156 4124 4189 4191
3388 15 4179
3399 3 4181
2774 46 4110
2775 35 4191
3402 122 4124 4199
2778 22 4173
3404 89 4138 4175
3390 60 4124
2787 4 4162
2790 173 4124 4191
3417 30 4181
2654 104 4110 4111 4117
3447 271 4124 4127 4189 4191
3451 98 4103 4110 4162 4179 4191
2822 43 4124
3439 88 4110 4124
3449 314 4103 4124 4127 4175 4189 4191
3453 319 4103 4124 4191
3455 68 4124 4189 4191
3452 131 4111 4124 4175 4179 4191
3458 69 4162 4179
3454 148 4103 4111 4124 4138 4162 4179 4188 4191
2832 50 4191
3457 166 4124 4199
3456 241 4124 4138 4191
3461 101 4110 4191
3463 56 4199
3462 54 4124 4189
3479 102 4138 4191
3482 24 4191
2859 139 4103 4110 4111 4162 4171 4173 4179 4183 4191
3478 42 4138 4179
2872 87 4103 4110 4117 4162
2871 282 4103 4110 4127 4138 4162 4173 4179 4181 4183 4189 4191
3522 71 4124
3519 48 4191
3541 81 4110 4162 4179 4191
2909 57 4124 4191
3557 10 4199
2932 62 4191
3562 40 4124 4191
2935 36 4124
3579 2 4181
2940 123 4134 4162 4173 4179
3568 147 4103 4110 4124 4138 4162 4171 4173 4179 4189 4191
2964 70 4110 4162 4179
2972 357 4103 4124 4162 4173 4175
2967 238 4103 4110 4117 4124 4138 4162 4179 4181 4191
3601 52 4138 4191
2968 55 4124 4173 4179 4191
2974 15 4110 4173
2983 28 4127
3603 12 4189
3614 205 4110 4124 4162 4191
3615 144 4111 4124 4179
2991 7 4179
3007 15 4191
3624 64 4110 4162 4191
2999 7 4191
3633 48 4110 4162 4173 4181
3631 91 4103 4117 4173 4179 4181 4199
3635 63 4138 4191
3634 82 4191
