5479 28 8134
7378 38 8124 8198
7357 9 8174
5511 3 8198
7391 52 8122 8174 8192 8198
7405 18 8163
5524 389 8121 8122 8124 8128 8134 8141 8163 8168 8169 8174 8178 8192
7421 9 8163 8192
7441 3 8168
7443 10 8192
7449 39 8134 8174 8186
5553 46 8121 8124 8134
4532 8 8174
2223 15 8148
2226 28 8168
7490 27 8128
2225 34 8168
2240 108 8168
5612 66 8178
2258 95 8198
7564 31 8121 8124 8128 8168
5655 139 8121 8132 8169
2277 8 8175
7578 28 8122 8163 8165 8174
5667 5 8124 8128
7588 8 8141
5686 3 8198
2299 67 8174 8178 8192
5697 230 8121 8124
5738 14 8163 8168 8192
7676 5 8178
7666 14 8121
7675 25 8192
7682 36 8128 8132 8148 8169
7685 13 8124 8174 8198
7697 19 8132 8168
5768 13 8178
5775 42 8122
6367 2 8141
5771 9 8141 8178
7727 30 8122 8174
7733 45 8121 8174 8198
5796 191 8121
5800 222 8121 8122 8124 8134 8163 8168 8178 8192
7744 50 8121 8174 8178
7743 13 8168 8169
5802 385 8122 8124 8128 8132 8148 8163 8168 8174 8178 8192 8198
5806 83 8128
5814 144 8134 8192
5819 61 8121
36 227 8174
72 164 8128
87 195 8141 8174
99 24 8132
68 275 8178
127 132 8178
166 93 8132 8134 8141 8163 8198
4771 3 8174
4899 169 8128
4926 7 8174
4943 31 8121 8128 8134 8192
4948 214 8122 8124 8128 8163 8168 8178 8186 8192
5028 43 8124
5053 52 8174
5060 3 8174
5068 10 8124
5106 33 8169
600 214 8174
737 232 8134 8141 8163 8168 8192 8198
769 146 8141 8178
3381 180 8122 8134
3453 319 8128
3456 241 8174 8192
3498 114 8178
2925 19 8178
2936 8 8186
2941 11 8141
3587 15 8178
3586 156 8121 8128
2983 28 8168 8178 8192 8198
