138 72 3 19 28 36 55 86 89
5484 22 15
5477 1 4929
5479 28 15
7360 1 7351
7353 1 6832
2131 1 993
5483 1 4600
7363 1 6789
2121 1 1111
5487 30 15
5491 1 4600
7365 1 6596
5486 1 4600
7374 1 5760
2127 3 15
5488 1 4600
5490 1 4600
7377 1 5760
2126 1 993
5494 1 4977
7382 1 5233
5496 1 4977
2133 129 56
2135 146 15
5497 1 4977
2132 1 993
2136 1 2137
5508 1 5509
5500 1 5452
7392 1 2940
2138 1 1285
5505 1 5506
2143 1 2151
5507 1 5509
2147 1 2151
2146 1 2151
5519 1 4191
2144 23 15
5510 1 5511
5515 7 72
2148 1 2151
7170 1 6123
5518 1 4191
7403 1 6123
5517 1 4191
2150 1 2151
7404 1 6123
2155 1 2157
7416 1 6417
2164 1 761
5523 1 4191
7407 1 6946
5535 1 2831
5522 1 4191
7419 1 6442
2160 26 15
5525 1 4191
5530 1 4191
2167 1 2168
5532 26 15 72
5531 243 15 72
7420 1 6442
5534 14 15
2179 1 2181
2175 1 2163
5537 1 2831
7431 1 3334
2172 29 15
2173 1 1772
5536 3 72
7427 1 3334
5542 1 3456
7430 1 3334
5543 137 15
7429 1 3334
2182 1 2185
2178 3 15
5541 1 1548
7448 1 7450
2180 1 2181
5548 1 5484
7445 1 7450
7446 1 7450
2183 1 2185
6139 1 7450
2187 1 1111
5554 1 5484
7447 1 7450
2190 1 1111
5555 1 5484
7451 1 7131
2189 1 1111
7453 1 7131
5561 1 5563
2191 1 1111
7454 1 7131
5569 1 5020
7458 1 7131
5567 1 5568
7456 1 7131
5566 1 5189
7457 1 7131
5571 1 4666
7461 1 7131
2204 1 975
5572 1 4666
7459 1 7131
2201 1 2202
5573 1 4666
7462 1 7131
2199 1 2085
7465 1 7467
2203 1 975
7466 1 7467
5576 1 4846
7473 1 7478
5578 1 2764
7474 1 7478
7468 1 7478
7469 1 7478
2213 1 1985
2212 1 1985
5589 11 15
5584 12 15
7477 1 7478
2221 1 1613
5598 1 4247
7470 1 7478
7480 1 7279
2216 1 1714
7482 1 6243
2218 1 1444
5587 1 5588
7481 1 7279
2219 1 1444
5591 27 15
2222 1 1613
5594 1 4098
7483 1 6243
5599 1 4247
7486 1 6000
5595 1 4098
7487 1 6000
5602 1 4247
7485 1 6000
2225 34 15
7494 1 7495
5605 11 15
7501 1 5289
2231 66 15
2228 1 2234
7509 1 7510
2240 108 15
5610 2 15
7505 1 5902
5612 66 15
7503 1 5289
2233 36 56
5613 1 2398
2237 241 15
5607 1 2398
7513 1 7088
5609 1 2398
2235 1 1783
5611 1 2398
7523 1 737
2239 1 2241
7515 1 7088
2238 1 2091
7522 1 737
5617 22 15 72
2243 1 2242
7524 1 737
7527 1 7529
5628 1 5321
7525 1 737
2256 247 15 56
5625 1 5321
7528 1 7529
7531 1 7054
5624 28 15
7538 1 7378
5630 36 15
7540 1 7378
5629 1 5321
2261 1 8291
7535 1 7378
5645 1 4777
7536 1 7378
7537 1 7378
5633 1 3393
2260 1 8291
5644 21 15
7545 1 7553
2262 1 8291
5648 1 5650
2259 1 2246
2266 1 587
5636 1 4777
7550 1 7553
2267 1 2273
5653 1 4500
2268 1 2273
5652 1 4500
7563 1 4341
2270 1 2273
5651 1 5061
2276 32 15 72
7576 1 1026
7572 1 155
7577 1 1026
2280 1 1664
5659 1 4653
7571 1 155
2283 1 1542
7581 1 1026
7585 1 7587
2265 1 1977
5666 5 15 72
2292 1 1977
5669 1 4335
2288 1 2290
2291 1 1977
7595 1 7225
5675 8 72
5676 1 3755
5674 1 4986
7602 1 5500
5678 1 5679
2297 164 15
7600 1 7225
5682 1 5683
7599 1 7225
5687 1 4099
2304 1 2305
2301 1 1390
7613 1 4884
5688 1 4099
2300 1 1390
5910 1 2565
5689 1 5693
2299 67 56
7610 1 4884
5685 1 4099
2302 1 1390
7611 1 4884
5690 1 5693
7617 1 7620
5691 49 15 72
2308 1 2285
2310 1 2285
5698 1 72
2311 1 2285
7616 1 7620
5696 50 15 72
2312 1 2285
5695 1 72
2313 1 2285
7615 1 7620
5697 230 72
7619 1 7620
2315 1 2285
7634 1 7021
5703 1 5454
7626 1 5028
7629 1 7632
7630 1 7632
5710 1 5459
2323 111 15 72
7639 1 6280
5712 1 5459
1561 1 2333
7638 1 6280
5713 1 5459
5711 1 5459
7644 1 7646
5714 44 15
7645 1 7646
7642 1 5179
5717 1 2576
7648 1 7391
5718 1 3274
5730 1 5732
2336 1 2339
7653 1 7986
2335 1 2339
5729 1 5732
7660 1 7662
2340 4 56
2334 1 2339
7664 1 3238
5733 1 2001
2337 1 2339
7663 1 3238
5735 1 5737
7670 1 6712
5744 1 5745
4418 1 5745
2272 31 56
5746 1 4338
2344 1 2345
5741 13 15
2351 1 1031
5750 4 15
2353 1 1031
2354 1 1031
5748 1 4338
5752 1 5072
5751 1 5072
5757 1 6218
5755 1 5756
2361 1 2362
2365 77 15
5765 1 1473
2368 17 15
5764 1 1473
7698 1 7699
7704 1 7707
2369 189 15
5766 1 5767
2374 1 1964
5768 13 15
7705 1 7707
7715 1 6523
2384 72 15 72
5783 23 15
7720 1 6924
2380 1 2062
5774 1 5775
5781 1 5445
2382 1 1297
5784 1 5925
7721 1 1865
2389 1 2193
5786 1 2775
2387 66 72
5796 191 15
7732 1 7734
2392 1 2397
5787 32 15
2388 1 2193
7737 1 5671
2394 1 2397
5790 1 7699
7729 1 7730
2391 1 2397
5794 1 4625
2396 1 2397
5789 1 5790
2395 1 2397
7740 1 6980
2398 62 72
7742 1 6980
2401 1 1323
7745 1 5148
2404 1 1842
7751 1 7757
2405 1 1842
5805 16 15
7760 1 7763
5807 27 15
2410 34 15
2418 1 332
7758 1 7763
5810 29 15
7762 1 7763
7761 1 7763
2419 1 2420
2424 1 2425
5819 61 15
7773 1 7778
2428 1 859
5818 67 15
25 90 3 6 8 19 23 28 29 30 33 35 50 54 55 75 80 86 94
9 81 8 10 23 28 30 33 34 54 55 56 61 75 80 86 94
5 23 6 8 10 23 30 33 38 50 54 55 61 75 89 93
3 23 28 30 39 54
4 29 8 10 28 30 38 55 56 75
8 182 6 10 19 23 28 30 33 34 36 39 49 50 54 55 56 61 75 80 86 89
6 302 3 8 10 19 23 28 29 30 33 34 35 38 39 50 54 55 56 61 80 86 89 93 94
7 24 6 28 30 32 35 38 54 55 61 75 93
10 86 3 6 8 19 23 28 30 33 34 38 50 54 89 93
11 743 6 8 10 15 19 23 28 29 30 33 34 35 36 38 49 50 54 55 56 61 72 75 86 89 93 95
12 65 8 28 30 56 72 80
13 11 28 30
15 50 8 23 28 30 32 33 38 49 54 55 56 61 95
16 15 28 30
22 2 30
14 114 3 10 23 28 30 32 49 54 55 56 61 75 95
21 76 28 30 35 54 61 75 86 89
17 45 3 8 10 28 30 32 33 35 50 54 55 95
18 12 30 36 55
19 39 3 6 23 28 30 33 38 50 54 55 61 89
54 7 3 28
20 187 3 6 19 30 33 34 36 50 54 55 56 61 75 80 89
23 74 29 30 33 38 39 50 55 80 94
24 309 3 8 15 19 28 30 33 34 35 36 50 54 72
33 24 8 28 38 50 54 56
28 133 3 6 8 19 29 33 34 35 38 49 50 54 55 56 61 75 80 86 94
35 65 3 33 39 50 54
37 20 50 54
36 227 15 28 35 38 50 54 55 80 86 89
34 5 3 6 39 54
38 14 54 55 56 75
40 11 33 54 55
43 4 54
39 41 6 8 23 28 29 33 35 50 54 80
26 95 3 6 19 23 28 33 34 38 39 50 54 55 56 80 89 93
41 30 3 28 33 54 56 75
46 59 3 36 54 56
42 89 19 23 28 34 50 54 55 56 75 80
44 44 15 54
45 8 8 54 55
51 24 33 39 54 55 56 72 80 93
47 146 3 8 10 19 28 39 50 54 55 56 61 72 80 93 94
48 21 28 54 86 94
50 14 23 28 54 61
56 24 6 28 49 61
49 15 28 54
53 39 15 28 54
29 150 3 8 10 23 28 33 39 50 54 55 56 75 86 93 95
52 1 54
58 38 15 23 28 50 55 61 75 80 89 93 94
55 64 6 8 28 29 36 38 56 61 75 80 86 94
59 94 3 15 28 33 49 56 61 86
62 17 6
57 13 55 61
60 9 61
65 2 6 89
27 102 6 15 19 28 34 55 93
64 1 6
72 164 8 15 28 39 56 89
63 1 6
66 44 6 28 55 56
73 13 3 8 28 75 95
76 2 8
75 31 8 28 32 56 94
79 53 8 29 50 55 75 93 94
78 41 8 28 49 56
91 2 33 55
77 25 8 28 49
84 1 33
80 59 8 29 33 50 55 75 86
81 18 8 28 32 55 93
67 17 33 56 75
83 8 33
89 29 15 33 35 56 86
86 122 15 33 35 50 55 56
85 1 33
71 109 19 33 35 50 55 75 80 86 93 94
87 195 8 15 28 29 33 35 36 55 56 72 75 86
88 1 33
90 72 15 23 28 29 33 35 39 55 72 75 86
92 5 93
99 24 10
93 1 153
94 80 3 19 23 28 39 56 80 86 93
82 1 93
95 2 10
100 5 10 34
98 8 10 56 86
115 3 95
96 2 10 28
31 15 28 49 75 95
103 68 28 75 80 95
104 30 28 55 75 94 95
102 5 95
117 1 95
119 1 95
116 2 95
68 275 8 15 32 56 72 75 95
105 3 94 95
106 9 28 55 95
118 1 95
108 2 95
107 4 95
120 8 15 28 95
109 190 95
130 13 56 86
112 1 95
111 29 3 39 80 86 95
110 95 29 49 95
122 213 15 95
121 9 95
123 1 95
113 89 8 15 28 29 32 56 75 94 95
124 3 95
114 1 95
126 25 29 55 75 86
127 132 3 15 28 35
129 4 55
128 80 28 29 86
132 29 19 35 56
137 1 144
136 99 15 19 56 80
140 30 34 39 56 80
142 25 34
139 37 3 8 28 49 75 86
143 94 3 19 28 29 35 36 80
141 1 144
147 58 28
151 74 28 29 80 86
154 61 15 23 28 29 39 50 80
152 21 28 35 50 55 56 75
146 1 147
149 1 151
153 1 50
155 28 15 50 75 89
156 4 50
157 44 23 29 50 56
160 1 153
172 123 23
158 7 28 75
159 1 153
161 32 28 55 75
162 4 89
173 334 15 35 86
165 3 39
171 70 23 35
174 1 175
74 69 28 29 35 49 55 56 75 86
175 1 55
176 39 19 29 35
177 19 56
178 63 3 72
180 54 3 80
166 93 28 35 75 86
182 79 56 86
189 1 214
187 37 28 29 36 86
196 1 214
32 4 75
195 1 214
201 21 36 55 75 80
198 1 214
200 1 214
4753 1 3748
4756 34 72
4755 1 4266
4762 1 3352
4761 1 3352
4759 1 3835
4763 1 3352
4773 1 4776
4778 1 4780
4766 1 3352
4781 27 15
4785 1 4796
4787 1 4796
4790 1 4796
4800 1 4040
4791 1 4796
4794 1 4796
4804 1 4808
4810 1 4811
4803 1 4808
4806 1 4808
4807 1 4808
4817 1 1360
4816 1 1360
4819 1 4820
4827 1 4828
4824 101 72
4823 1 4706
4826 1 4827
4857 1 2237
4830 1 4831
4835 1 2237
4836 1 2237
4834 1 2237
4839 1 2237
4858 1 2237
4841 1 2237
4845 1 2237
4847 1 2237
4848 1 2237
4861 1 2237
4863 1 2237
4867 1 4875
4868 1 4875
4873 1 4875
4871 1 4875
4801 1 4875
4869 1 4875
4872 1 4875
4890 1 4588
4899 169 15
4903 2 15
4904 2 15
4906 2 15
4905 1 4037
4900 1 2014
4908 1 4037
4911 1 4037
4914 2 15
4918 1 4037
4912 2 15
4913 1 4037
4917 1 4037
4922 2 15
4916 1 4037
4919 1 4037
4921 1 4037
4933 3 15
4931 1 3433
4935 1 4335
4945 1 4044
4948 214 15
4950 1 2917
4951 1 2917
4957 1 4189
4965 1 3854
4967 361 15
4969 1 1769
4971 1 1769
4970 8 15
4979 1 1310
4978 1 1310
4985 1 3898
4982 43 72
4986 1 3898
4988 23 15 72
4995 1 4191
5000 1 4792
4996 1 4191
5001 1 4792
5002 115 72
5006 28 72
5005 1 3607
4897 1 3458
5019 1 5022
5017 9 72
5018 1 2775
5037 18 15
5020 139 72 95
5031 1 4983
5035 1 2787
5047 1 4124
5052 1 5055
5057 1 5058
5063 1 3537
5062 1 3537
5064 1 4654
5065 1 4654
5071 1 4297
5077 1 3284
5079 271 15
5084 1 5083
5087 1 5092
5086 1 5092
5088 1 5092
5089 8 15
5091 1 5092
539 2 75
541 3 49 55 75
543 1 55
542 7 15 75
544 2 55
218 2 55
545 24 35 55
551 1 55
548 1 55
546 142 55
549 4 55
547 1 55
552 2 49
550 1 55
557 1 560
558 1 560
556 121 15 35 86
561 4 56
562 1 282
563 1 282
570 4 56
565 1 282
568 1 567
569 1 567
571 1 567
577 1 152
573 1 567
576 1 152
578 1 152
590 8 36
582 34 56
583 26 56 86
586 13 86
587 18 35
595 2 39
588 22 35
593 1 39
594 1 39
596 1 39
597 2 86
598 1 151
599 1 151
600 214 15 29 35 36 72 86
602 1 604
605 1 280
610 1 611
612 1 613
616 1 282
632 1 282
621 1 175
620 14 86
628 1 1154
633 55 86
626 31 35 86
634 150 15 35
647 32 35
635 66 29 35
638 1 282
643 46 72
644 27 35 86
655 1 656
650 98 36
645 16 29 72
654 1 656
657 1 4110
659 14 35 86
665 7 56
663 158 35 36 56 72 86
639 31 86
673 5 86
672 1 673
669 1 670
674 16 86
675 1 4049
676 1 677
683 1 684
678 1 681
689 47 86
695 118 15 36 56 86
691 24 36
693 1 694
701 4 15
705 28 35
703 1 714
706 95 35 36 56
707 123 35 86
708 51 29
709 1 714
710 105 15 35 56
711 1 714
718 1 715
715 23 35
716 1 715
717 1 715
720 1 715
721 1 715
722 264 36 72 86
723 1 719
727 32 72
729 1 739
731 1 739
730 34 35 86
733 8 86
735 1 739
738 8 8 86
734 1 739
749 66 86
742 93 72 86
744 1 746
748 1 5210
697 100 15 72
755 1 756
754 2 56
752 1 756
321 27 35 86
751 1 756
753 1 756
760 1 600
761 8 29
759 77 35 36 72 86
763 68 15
767 1 600
766 773 15 72 86
762 50 15
774 1 549
769 146 56
773 1 549
794 18 86
776 1 549
788 113 15 72 86
785 1 407
782 9 8
784 224 35 56
783 1 407
789 317 35 56 72
791 41 15 35
810 34 35
799 1 802
816 29 15 72
803 6 35
805 90 35
807 1 806
808 4 8
813 272 72 86
812 3 36
819 1 822
821 1 822
334 41 29 36 56 86
823 15 29
826 249 56
825 165 15 72
835 1 829
847 1 838
841 61 56
845 1 838
3370 1 3371
2741 1 2736
2744 39 15 72
2739 1 1374
2748 1 1637
2749 1 1637
3378 41 72
2752 7 15
2753 1 2754
3381 180 15
2755 1 8291
3380 42 72
2757 5 56
3388 15 15
2759 1 2763
3382 1 2297
2760 23 15 72
2761 1 2763
3385 1 2297
2764 1 1646
2766 1 1646
3401 1 3018
2767 1 1646
2770 1 4110
2771 1 2770
2769 1 2770
3395 1 3018
2773 1 1592
2772 1 1592
2774 46 15
3398 1 3018
2775 35 15
3400 1 3018
2779 1 2781
2776 1 2777
2782 1 2785
3390 60 72
2785 1 5423
3405 1 3408
2783 1 2785
3409 1 3752
2784 1 2785
3411 1 285
3412 1 285
2786 1 2787
3407 1 3408
3416 1 8293
3424 1 8293
3423 1 8293
2544 11 15
2790 173 15
3434 1 2338
3418 1 8293
3426 1 8293
3437 1 2576
2803 1 2805
3436 1 2576
2813 1 2814
3440 1 2576
3438 1 2576
2818 1 2821
3443 20 15
2823 1 2825
3445 21 15 72
2824 1 2825
3449 314 15 72
2826 1 765
2827 1 765
3453 319 15 72
3452 131 15
3458 69 15
2835 1 8292
3456 241 15
3461 101 72
3459 92 15
3462 54 72
2848 1 1723
2849 1 1723
3475 1 2790
2847 1 1723
3467 1 3473
2846 1 1723
2850 1 1723
2851 44 15
2853 1 1723
2857 1 2264
3479 102 72
2869 1 214
3487 1 3489
2868 1 214
2861 1 214
3494 1 8293
3493 1 8293
2870 1 214
3427 1 8293
2871 282 72
2864 1 214
2876 1 2877
3509 1 2542
2882 1 2880
3497 1 8293
3504 1 2623
2881 1 2880
2879 1 2880
3510 1 3516
2884 1 2880
3500 1 8293
3514 1 3516
2896 1 2470
3511 1 3516
2464 1 2470
3522 71 15
2888 1 2470
2887 1 2470
2892 1 2470
3520 1 3529
2890 1 2470
3521 29 15
2891 1 2470
3524 1 3529
2894 1 2470
2893 1 2470
2895 1 2470
2899 1 2174
3531 1 2290
2916 1 1705
3552 1 417
2921 1 2918
3550 1 417
3551 1 417
3554 6 15
2929 1 2877
2928 1 2877
2932 62 15
2930 1 2877
3558 1 2799
2938 1 1211
3566 1 2667
3565 1 2667
2940 123 15
3577 1 2252
2944 1 2946
3568 147 15
2945 1 2946
2951 19 72
2949 1 2547
3584 1 3587
3582 1 3587
3581 1 3587
2952 1 2955
2954 1 2955
2957 1 1918
3590 1 3591
2960 1 2963
2962 1 2963
2961 1 2963
2972 357 15
3596 1 3173
3601 52 15
2971 1 2972
3599 1 3173
2982 1 1596
3606 1 974
2970 1 2972
3602 1 1166
3607 24 15
2980 1 2560
3605 1 974
3613 1 3616
3620 1 1157
2993 1 2991
3619 1 3148
2992 1 2993
3618 1 3148
3621 1 1157
3624 64 72
3632 1 3650
3000 43 72
3628 1 3629
3008 1 2323
3003 1 2323
3631 91 15 72
3004 3 15
