138 72 1375
2115 16 1310
2120 122 1353
2133 129 1374 1384 1390
2156 41 1353
2169 32 1374 1390
5532 26 1352
5531 243 1352
2172 29 1384
2174 65 1353 1374
2186 61 1315
2192 5 1315
2206 14 1374
2209 31 1357
2226 28 1374
2240 108 1307 1393
2229 143 1357 1385 1393
2236 75 1357 1393
2237 241 1305 1315 1357
2241 14 1353
2041 6 1378
2249 38 1353
2256 247 1374 1384
2255 31 1390
2264 58 1353 1357
2289 14 1385
2285 17 1393
2290 120 1307 1385
2297 164 1307 1315 1357 1374 1384
2298 48 1385
2299 67 1390
5697 230 1352
2323 111 1307 1385
5714 44 1352
2326 252 1307 1310 1385
2328 215 1384
2366 7 1374
2363 4 1315 1393
2365 77 1357
2371 124 1315 1357
2369 189 1352
2384 72 1315 1385
2375 49 1384
2376 26 1374
2381 71 1385
2379 45 1307
2402 2 1323
5802 385 1352
2411 141 1385
9 81 1384
6 302 1321 1326 1377 1389 1390 1394 1396
11 743 1305 1307 1310 1319 1321 1322 1326 1330 1353 1360 1372 1374 1375 1377 1378 1382 1384 1385 1389 1390 1394 1396
16 15 1374
14 114 1307 1385
20 187 1307 1321 1352 1374 1389 1396
24 309 1310 1315 1330 1353 1357 1360
35 65 1330 1377 1389
36 227 1307 1310 1353 1357 1372 1377 1378
42 89 1353
47 146 1300 1307 1378
29 150 1307
59 94 1315 1357 1396
60 9 1374
72 164 1310 1319 1352 1378 1394 1396
77 25 1372
83 8 1384 1385
86 122 1305
71 109 1357
87 195 1307 1330 1352 1382
90 72 1305
68 275 1352 1374
122 213 1385 1393
127 132 1385
128 80 1322
132 29 1374
143 94 1330
145 18 1321 1377
147 58 1315 1357 1378
172 123 1357 1374 1384
173 334 1319 1322 1353 1357 1360 1372 1375 1377 1378 1389 1394 1396
171 70 1330 1382 1389 1394
74 69 1330
176 39 1375
166 93 1307
182 79 1305 1357 1374 1396
197 11 1353
4756 34 1305
4748 38 1305 1310
4760 7 1305
4781 27 1352 1385
4814 20 1360
4813 46 1310 1352
4818 28 1305
4840 4 1385
4859 30 1310
4853 5 1305 1352
4893 5 1305
4894 79 1305
4891 7 1305
4932 2 1305
4937 17 1305 1310
4948 214 1310 1385
4966 25 1385
4963 13 1310
4967 361 1352
4980 16 1310
4981 53 1310 1385
4982 43 1310 1385
4977 3 1310
4983 4 1310
5006 28 1385
5020 139 1385
5079 271 1352
545 24 1330
546 142 1307 1357
553 22 1315
556 121 1315 1330 1353
590 8 1375
585 3 1307
588 22 1330
604 8 1377
600 214 1310 1315 1330 1352 1353 1374 1377
626 31 1330
634 150 1319 1321 1330 1357 1378 1382 1385 1389 1390
647 32 1330 1378 1390
635 66 1321 1357
646 17 1385
644 27 1360 1372
650 98 1375 1382
664 13 1374
663 158 1319 1360 1374 1394
639 31 1382
689 47 1307
686 83 1372 1375 1389
695 118 1322 1374 1385
704 81 1396
706 95 1321 1322 1330 1374
707 123 1319 1330 1372 1375 1377 1389
710 105 1319 1360 1377
715 23 1321 1330
722 264 1307 1321 1357 1374 1378 1385
749 66 1310
742 93 1310 1385 1394
759 77 1315 1375
763 68 1360
766 773 1305 1307 1310 1352 1357 1360 1378 1384 1385 1393
769 146 1315 1319 1378 1396
788 113 1385
784 224 1360 1384 1385
789 317 1310 1319 1321 1322 1352 1360 1374 1384 1385 1390 1394 1396
795 60 1360
810 34 1322
805 90 1307 1322 1374 1377 1385 1390 1396
813 272 1315 1319 1357 1360 1374 1378 1384 1385
822 11 1315
334 41 1307
826 249 1319 1322 1357 1374 1377
825 165 1307 1310
838 36 1322
841 61 1315
2740 28 1374
3378 41 1385
3394 156 1305
2760 23 1385
2774 46 1310
3402 122 1305 1310
3390 60 1360
2790 173 1357
2654 104 1357
3447 271 1305 1310
3451 98 1360 1385
3439 88 1352 1385
3449 314 1310 1360
3453 319 1305 1310 1360 1385
3455 68 1305 1310
3452 131 1305 1310 1360
3454 148 1305 1307 1310 1385
2832 50 1360
3457 166 1305 1360 1385
3456 241 1305 1310 1352 1360 1385
3463 56 1360
3462 54 1305 1352
3466 17 1352
3472 15 1305
3479 102 1307
2855 16 1360
2859 139 1307
2872 87 1307 1393
2871 282 1307 1310 1315 1357 1360 1385 1393
3498 114 1385
2875 6 1393
2885 5 1315
2904 18 1357
2913 11 1305
2909 57 1310
2912 33 1357 1393
2940 123 1352
3568 147 1307
2951 19 1385
2948 26 1357
2950 13 1315
2964 70 1305 1307 1360 1385
2972 357 1305 1310 1360
2967 238 1305 1307 1310 1315
2968 55 1357
3603 12 1305 1310
2986 3 1315
2985 4 1315
2989 10 1315
2988 55 1315
3614 205 1310
2987 9 1315 1357
3615 144 1307
3009 51 1385
3631 91 1307
3010 123 1307
