4037 0.00454494
2625 0.00383683
6634 0.00379502
15 0.00314587
2398 0.00266652
2328 0.00260209
5412 0.00237768
2470 0.00237661
7632 0.0022497
3089 0.00224022
3352 0.00222481
737 0.00218712
4191 0.00215341
2237 0.00213381
3456 0.00213356
5254 0.00211479
6832 0.00208206
7553 0.00205
2066 0.00201594
1297 0.0019719
7092 0.00190062
4310 0.00187129
4712 0.00181521
6946 0.00178943
6774 0.00178234
762 0.00176732
1186 0.00174813
993 0.00169559
2958 0.00169071
6006 0.00165524
2657 0.0016342
4828 0.0016316
4335 0.00163124
665 0.00162896
4735 0.00162615
8042 0.00161763
4875 0.00160687
4256 0.00155468
3537 0.00155023
7620 0.0015415
3238 0.00152529
4261 0.00148321
271 0.00147318
5123 0.00145521
3568 0.00145412
5484 0.00145373
1549 0.00144348
3498 0.00144107
825 0.00144088
2485 0.00142722
5079 0.00141408
3084 0.00141179
6784 0.001406
2871 0.00140381
2535 0.00138468
2654 0.00138367
5404 0.00137745
8163 0.00136875
5459 0.00136853
6334 0.00136808
2565 0.00132284
4400 0.00131354
5543 0.00130964
3562 0.00130425
4600 0.00130312
2859 0.00129417
3334 0.00128562
2746 0.00126259
2651 0.00126188
7809 0.0012577
6059 0.00125379
3897 0.00124486
5022 0.00122413
5226 0.00121982
3321 0.00121973
3034 0.00119767
2576 0.00118427
1633 0.00116853
1211 0.00116555
4040 0.00116432
4531 0.00116232
1726 0.00116187
7961 0.00115523
4981 0.00114774
5563 0.00114683
6330 0.00113754
1842 0.00113722
3005 0.00113183
86 0.00113038
5605 0.00112669
1754 0.00111959
3962 0.00111879
7890 0.0011173
2594 0.00111522
3443 0.0011125
4666 0.00110988
7214 0.00110527
3260 0.00110367
28 0.00110308
6124 0.00108827
