4037 0.0045513
2625 0.00383945
6634 0.00379458
15 0.00315049
2398 0.0026704
2328 0.00261288
5412 0.00238053
2470 0.00237875
7632 0.00228044
3089 0.00225772
3352 0.00222823
737 0.00218146
4191 0.00214837
3456 0.00213981
2237 0.00213852
5254 0.00211805
6832 0.00208313
7553 0.0020766
2066 0.00201918
1297 0.00197581
7092 0.00189797
4310 0.00187484
4712 0.0018216
6946 0.00178717
6774 0.00178448
762 0.00177088
1186 0.0017505
993 0.00169907
2958 0.00169443
6006 0.00165388
2657 0.00163905
4335 0.00163813
4828 0.00163418
665 0.00163095
4735 0.00162957
8042 0.00161793
4875 0.00161166
4256 0.00155607
3537 0.00155381
7620 0.00154322
3238 0.00152439
4261 0.00148486
271 0.00147497
5123 0.0014629
3568 0.0014605
5484 0.00145505
1549 0.00144545
3498 0.00144411
825 0.0014425
3084 0.00144192
2485 0.00142989
5079 0.00141554
6784 0.00141106
2871 0.00139801
2535 0.00138663
2654 0.00138601
5404 0.0013785
6334 0.0013702
8163 0.00136885
5459 0.00136863
2565 0.00132415
4400 0.00131343
5543 0.0013101
3562 0.00130691
4600 0.00130491
2859 0.00129534
3334 0.00128602
2746 0.00127124
2651 0.0012644
7809 0.00125875
6059 0.00125495
5022 0.00125264
3897 0.00124214
5226 0.00122342
3321 0.0012215
3034 0.00120051
2576 0.00118499
1633 0.00117676
1211 0.00116764
4040 0.00116496
1726 0.00116426
4531 0.00116401
7961 0.00115738
5563 0.00114977
4981 0.00114621
6330 0.00113905
1842 0.00113877
3005 0.00113395
86 0.00113179
1754 0.00113111
5605 0.00112697
3962 0.00111932
2594 0.0011175
7890 0.00111727
3443 0.00111404
4666 0.00111017
7214 0.00110646
3260 0.00110497
28 0.00110446
6124 0.00108785
